116.405 39.905 121.473 31.2317
116.405 39.905 102.712 25.0406
116.405 39.905 111.671 40.8183
116.405 39.905 125.325 43.8868
116.405 39.905 104.066 30.6595
116.405 39.905 117.19 39.1256
116.405 39.905 117.283 31.8612
116.405 39.905 117.001 36.6758
116.405 39.905 112.549 37.857
116.405 39.905 113.281 23.1252
116.405 39.905 108.32 22.824
116.405 39.905 87.6177 43.7928
116.405 39.905 118.767 32.0415
116.405 39.905 115.892 28.6765
116.405 39.905 114.502 38.0455
116.405 39.905 113.665 34.758
116.405 39.905 120.154 30.2875
116.405 39.905 110.331 20.032
116.405 39.905 114.299 30.5844
116.405 39.905 112.982 28.1941
116.405 39.905 103.824 36.058
116.405 39.905 119.306 26.0753
116.405 39.905 106.713 26.5783
116.405 39.905 123.429 41.7968
116.405 39.905 106.505 29.5332
116.405 39.905 108.948 34.2632
116.405 39.905 126.642 45.757
125.325 43.8868 111.671 40.8183
125.325 43.8868 125.325 43.8868
125.325 43.8868 117.19 39.1256
125.325 43.8868 117.001 36.6758
125.325 43.8868 114.502 38.0455
125.325 43.8868 114.299 30.5844
125.325 43.8868 123.429 41.7968
125.325 43.8868 106.505 29.5332
125.325 43.8868 126.642 45.757
117.283 31.8612 121.473 31.2317
117.283 31.8612 102.712 25.0406
117.283 31.8612 111.671 40.8183
117.283 31.8612 125.325 43.8868
117.283 31.8612 104.066 30.6595
117.283 31.8612 117.19 39.1256
117.283 31.8612 106.278 38.4664
117.283 31.8612 117.283 31.8612
117.283 31.8612 117.001 36.6758
117.283 31.8612 112.549 37.857
117.283 31.8612 108.32 22.824
117.283 31.8612 118.767 32.0415
117.283 31.8612 115.892 28.6765
117.283 31.8612 114.502 38.0455
117.283 31.8612 113.665 34.758
117.283 31.8612 120.154 30.2875
117.283 31.8612 114.299 30.5844
117.283 31.8612 112.982 28.1941
117.283 31.8612 119.306 26.0753
117.283 31.8612 106.713 26.5783
117.283 31.8612 106.505 29.5332
117.283 31.8612 108.948 34.2632
117.283 31.8612 101.779 36.6232
117.283 31.8612 126.642 45.757
108.32 22.824 121.473 31.2317
108.32 22.824 102.712 25.0406
108.32 22.824 111.671 40.8183
108.32 22.824 125.325 43.8868
108.32 22.824 104.066 30.6595
108.32 22.824 117.19 39.1256
108.32 22.824 117.001 36.6758
108.32 22.824 112.549 37.857
108.32 22.824 113.281 23.1252
108.32 22.824 108.32 22.824
108.32 22.824 118.767 32.0415
108.32 22.824 115.892 28.6765
108.32 22.824 114.502 38.0455
108.32 22.824 113.665 34.758
108.32 22.824 120.154 30.2875
108.32 22.824 110.331 20.032
108.32 22.824 114.299 30.5844
108.32 22.824 112.982 28.1941
108.32 22.824 103.824 36.058
108.32 22.824 119.306 26.0753
108.32 22.824 106.713 26.5783
108.32 22.824 106.505 29.5332
108.32 22.824 108.948 34.2632
108.32 22.824 101.779 36.6232
108.32 22.824 126.642 45.757
87.6177 43.7928 112.549 37.857
87.6177 43.7928 113.281 23.1252
87.6177 43.7928 87.6177 43.7928
87.6177 43.7928 112.982 28.1941
87.6177 43.7928 108.948 34.2632
123.429 41.7968 121.473 31.2317
123.429 41.7968 102.712 25.0406
123.429 41.7968 111.671 40.8183
123.429 41.7968 104.066 30.6595
123.429 41.7968 117.19 39.1256
123.429 41.7968 117.283 31.8612
123.429 41.7968 117.001 36.6758
123.429 41.7968 112.549 37.857
123.429 41.7968 113.281 23.1252
123.429 41.7968 108.32 22.824
123.429 41.7968 87.6177 43.7928
123.429 41.7968 118.767 32.0415
123.429 41.7968 115.892 28.6765
123.429 41.7968 114.502 38.0455
123.429 41.7968 113.665 34.758
123.429 41.7968 120.154 30.2875
123.429 41.7968 110.331 20.032
123.429 41.7968 114.299 30.5844
123.429 41.7968 112.982 28.1941
123.429 41.7968 119.306 26.0753
123.429 41.7968 106.713 26.5783
123.429 41.7968 123.429 41.7968
123.429 41.7968 106.505 29.5332
123.429 41.7968 108.948 34.2632
123.429 41.7968 101.779 36.6232
123.429 41.7968 126.642 45.757
