-922.244 -347.294 -932.169 -448.833
-922.244 -347.294 -741.686 -406.925
-922.244 -347.294 -738.667 -407.667
-922.244 -347.294 -833.533 -422.125
-922.244 -347.294 -844.281 -336.367
-922.244 -347.294 -899.667 -350.667
-922.244 -347.294 -846.678 -390.489
-814.422 -409.161 -875.325 -380.369
-814.422 -409.161 -833.533 -422.125
-814.422 -409.161 -855.822 -447.414
-738 -427.333 -932.169 -448.833
-738 -427.333 -947.306 -392.917
-738 -427.333 -741.686 -406.925
-738 -427.333 -833.533 -422.125
-738 -427.333 -866.781 -361.244
-738 -427.333 -844.281 -336.367
-738 -427.333 -846.678 -390.489
-784.5 -381.333 -855.519 -422.35
-784.5 -381.333 -833.533 -422.125
-1066.09 -350.403 -932.169 -448.833
-1066.09 -350.403 -741.686 -406.925
-1066.09 -350.403 -953.414 -299.844
-1066.09 -350.403 -802.667 -257.833
-1066.09 -350.403 -844.281 -336.367
-1066.09 -350.403 -752.411 -398.719
-1066.09 -350.403 -846.678 -390.489
-925.486 -313.275 -824.075 -364.753
-925.486 -313.275 -899.667 -350.667
-835.5 -450.833 -844.667 -462.5
-835.5 -450.833 -833.533 -422.125
-1241 -409.833 -1225.97 -455.886
-1241 -409.833 -1223 -405
-1241 -409.833 -1184.07 -339.425
-825.417 -354.361 -932.169 -448.833
-825.417 -354.361 -741.686 -406.925
-825.417 -354.361 -921.833 -468.333
-825.417 -354.361 -833.533 -422.125
-976.7 -301.944 -947.306 -392.917
-976.7 -301.944 -741.686 -406.925
-976.7 -301.944 -818.5 -414.167
-976.7 -301.944 -855.333 -428.833
-976.7 -301.944 -839.167 -359.5
-976.7 -301.944 -833.533 -422.125
-976.7 -301.944 -866.781 -361.244
-976.7 -301.944 -899.667 -350.667
-976.7 -301.944 -846.678 -390.489
-976.7 -301.944 -932.169 -448.833
-976.7 -301.944 -953.414 -299.844
-976.7 -301.944 -844.281 -336.367
-976.7 -301.944 -912.5 -438.833
-881.333 -444.833 -947.306 -392.917
-881.333 -444.833 -932.169 -448.833
-881.333 -444.833 -726.833 -419.389
-881.333 -444.833 -875.325 -380.369
-881.333 -444.833 -953.414 -299.844
-881.333 -444.833 -774.558 -389.444
-881.333 -444.833 -833.533 -422.125
-881.333 -444.833 -844.281 -336.367
-881.333 -444.833 -825.417 -354.361
-881.333 -444.833 -899.667 -350.667
-881.333 -444.833 -974.333 -376.5
-881.333 -444.833 -846.678 -390.489
-766.683 -391.753 -1119.67 -407.883
-766.683 -391.753 -818.5 -414.167
-766.683 -391.753 -900.758 -323.111
-766.683 -391.753 -855.333 -428.833
-766.683 -391.753 -833.533 -422.125
-766.683 -391.753 -1046.73 -398.617
-766.683 -391.753 -1111.53 -457.775
-766.683 -391.753 -899.667 -350.667
-766.683 -391.753 -846.678 -390.489
-766.683 -391.753 -932.169 -448.833
-766.683 -391.753 -890.667 -304
-766.683 -391.753 -1216.17 -387
-766.683 -391.753 -953.414 -299.844
-766.683 -391.753 -845.833 -427.833
-688.167 -448 -833.533 -422.125
-688.167 -448 -863.167 -417
-887.731 -370.603 -893.369 -314.672
-887.731 -370.603 -943.667 -353.333
-887.731 -370.603 -899.667 -350.667
-856.833 -302.167 -943.067 -362.817
-856.833 -302.167 -828.833 -400
-856.833 -302.167 -857.361 -381.744
-856.833 -302.167 -844.281 -336.367
-856.833 -302.167 -899.667 -350.667
-1225.33 -488 -1223.09 -474.489
-949.333 -475.167 -932.169 -448.833
-1124.97 -459.547 -1223.09 -474.489
-1124.97 -459.547 -1111.53 -457.775
-1085.33 -458 -1119.67 -407.883
-1085.33 -458 -932.169 -448.833
-1085.33 -458 -1041.83 -477.167
-1085.33 -458 -1058.83 -464.333
-1085.33 -458 -1097.67 -485.5
-1085.33 -458 -1046.83 -471.333
-1085.33 -458 -1223.09 -474.489
-1085.33 -458 -899.667 -350.667
-1085.33 -458 -1055.67 -480.833
-1085.33 -458 -1066.17 -482.167
-1085.33 -458 -1094.67 -470.5
-867.5 -335.667 -766.683 -391.753
-867.5 -335.667 -741.686 -406.925
-867.5 -335.667 -833.533 -422.125
-867.5 -335.667 -844.281 -336.367
-867.5 -335.667 -754.403 -406.522
-867.5 -335.667 -899.667 -350.667
-867.5 -335.667 -846.678 -390.489
-837.436 -429.656 -932.169 -448.833
-837.436 -429.656 -741.686 -406.925
-837.436 -429.656 -738.667 -407.667
-837.436 -429.656 -770.378 -388.519
-837.436 -429.656 -813.089 -284.294
-837.436 -429.656 -833.533 -422.125
-837.436 -429.656 -844.281 -336.367
-1007.5 -467.833 -932.169 -448.833
-1007.5 -467.833 -936.631 -415.339
-1007.5 -467.833 -738.667 -407.667
-1007.5 -467.833 -770.378 -388.519
-1007.5 -467.833 -855.822 -447.414
-1007.5 -467.833 -903.7 -387.486
-846.058 -380.364 -741.686 -406.925
-846.058 -380.364 -855.333 -428.833
-846.058 -380.364 -855.519 -422.35
-846.058 -380.364 -833.533 -422.125
-846.058 -380.364 -844.281 -336.367
-846.058 -380.364 -899.667 -350.667
-846.058 -380.364 -822.189 -348.956
-846.058 -380.364 -885.167 -442.667
-846.058 -380.364 -846.678 -390.489
-1183.5 -342 -1225.97 -455.886
-1183.5 -342 -1223.09 -474.489
-1162.23 -435.644 -1119.67 -407.883
-1162.23 -435.644 -1225.97 -455.886
-1162.23 -435.644 -932.169 -448.833
-1162.23 -435.644 -893.375 -431.397
-1162.23 -435.644 -1223.09 -474.489
-1162.23 -435.644 -970.381 -328.969
-1162.23 -435.644 -1184.07 -339.425
-1162.23 -435.644 -1175.34 -476.197
-1162.23 -435.644 -1170.33 -463.833
-1162.23 -435.644 -1171.17 -467.5
-1162.23 -435.644 -1120.67 -435.167
-726.833 -419.389 -932.169 -448.833
-726.833 -419.389 -862.947 -397.172
-726.833 -419.389 -818.5 -414.167
-726.833 -419.389 -833.533 -422.125
-726.833 -419.389 -844.281 -336.367
-726.833 -419.389 -879 -429.5
-726.833 -419.389 -1171.83 -327.333
-726.833 -419.389 -846.678 -390.489
-941.356 -464.017 -932.169 -448.833
-941.356 -464.017 -989 -481.167
-941.356 -464.017 -986.833 -469.333
-787.322 -429.406 -932.169 -448.833
-787.322 -429.406 -741.686 -406.925
-787.322 -429.406 -818.5 -414.167
-787.322 -429.406 -1120.33 -334.333
-787.322 -429.406 -833.533 -422.125
-787.322 -429.406 -841.833 -397.5
-787.322 -429.406 -846.678 -390.489
-731.533 -444.719 -741.686 -406.925
-731.533 -444.719 -857.361 -381.744
-731.533 -444.719 -833.533 -422.125
-819.667 -333.667 -844.281 -336.367
-845.833 -427.833 -932.169 -448.833
-845.833 -427.833 -766.683 -391.753
-845.833 -427.833 -799.372 -360.978
-845.833 -427.833 -833.533 -422.125
-845.833 -427.833 -752.411 -398.719
-845.833 -427.833 -846.058 -380.364
-845.833 -427.833 -846.678 -390.489
-917.108 -418.847 -932.169 -448.833
-917.108 -418.847 -833.533 -422.125
-917.108 -418.847 -1120.67 -435.167
-889.158 -404.772 -833.533 -422.125
-896.831 -447.694 -932.169 -448.833
-896.831 -447.694 -833.533 -422.125
-800.406 -328.986 -932.169 -448.833
-800.406 -328.986 -741.686 -406.925
-800.406 -328.986 -893.375 -431.397
-800.406 -328.986 -875.325 -380.369
-800.406 -328.986 -833.533 -422.125
-800.406 -328.986 -844.281 -336.367
-800.406 -328.986 -899.667 -350.667
-809.333 -352.167 -947.306 -392.917
-809.333 -352.167 -818.5 -414.167
-809.333 -352.167 -1178.67 -336.667
-809.333 -352.167 -833.533 -422.125
-809.333 -352.167 -899.667 -350.667
-809.333 -352.167 -879 -429.5
-809.333 -352.167 -846.678 -390.489
-809.333 -352.167 -932.169 -448.833
-809.333 -352.167 -844.281 -336.367
-809.333 -352.167 -879.047 -419.786
-809.333 -352.167 -903.7 -387.486
-855.822 -447.414 -932.169 -448.833
-855.822 -447.414 -818.5 -414.167
-855.822 -447.414 -833.533 -422.125
-855.822 -447.414 -714.356 -429.325
-879.047 -419.786 -862.947 -397.172
-879.047 -419.786 -741.686 -406.925
-879.047 -419.786 -833.533 -422.125
-879.047 -419.786 -899.667 -350.667
-879.047 -419.786 -825.331 -279.756
-879.047 -419.786 -932.169 -448.833
-879.047 -419.786 -762 -369
-879.047 -419.786 -825.544 -273.956
-879.047 -419.786 -1085.33 -458
-879.047 -419.786 -890.667 -304
-879.047 -419.786 -967.419 -435.819
-879.047 -419.786 -953.414 -299.844
-879.047 -419.786 -1030.5 -440.333
-844.667 -462.5 -818.5 -414.167
-844.667 -462.5 -835.5 -450.833
-844.667 -462.5 -833.533 -422.125
-914.842 -448.658 -932.169 -448.833
-914.842 -448.658 -894.5 -456.333
-928.333 -473.833 -932.169 -448.833
-928.333 -473.833 -934 -485.667
-846.678 -390.489 -726.833 -419.389
-846.678 -390.489 -741.686 -406.925
-846.678 -390.489 -766.683 -391.753
-846.678 -390.489 -1178.67 -336.667
-846.678 -390.489 -855.333 -428.833
-846.678 -390.489 -833.533 -422.125
-846.678 -390.489 -703 -436.5
-846.678 -390.489 -885.167 -442.667
-846.678 -390.489 -825.331 -279.756
-846.678 -390.489 -1171.83 -327.333
-846.678 -390.489 -917.108 -418.847
-846.678 -390.489 -762 -369
-846.678 -390.489 -828.833 -400
-846.678 -390.489 -953.414 -299.844
-846.678 -390.489 -1223.09 -474.489
-846.678 -390.489 -817.553 -265.422
-846.678 -390.489 -867.5 -335.667
-846.678 -390.489 -862.947 -397.172
-846.678 -390.489 -984.667 -295.333
-846.678 -390.489 -811.167 -339.5
-846.678 -390.489 -802.328 -404.914
-846.678 -390.489 -752.411 -398.719
-846.678 -390.489 -976.7 -301.944
-846.678 -390.489 -879 -429.5
-846.678 -390.489 -731.533 -444.719
-846.678 -390.489 -809.333 -352.167
-846.678 -390.489 -903.7 -387.486
-846.678 -390.489 -936.631 -415.339
-846.678 -390.489 -737 -410.667
-846.678 -390.489 -838.078 -415.869
-846.678 -390.489 -799.372 -360.978
-846.678 -390.489 -774.558 -389.444
-846.678 -390.489 -1046.73 -398.617
-846.678 -390.489 -902.581 -299.933
-846.678 -390.489 -970.381 -328.969
-846.678 -390.489 -866.781 -361.244
-846.678 -390.489 -1066.09 -350.403
-846.678 -390.489 -881.333 -444.833
-846.678 -390.489 -816.333 -304.167
-846.678 -390.489 -846.058 -380.364
-846.678 -390.489 -1223.75 -376.189
-846.678 -390.489 -932.169 -448.833
-846.678 -390.489 -825.544 -273.956
-846.678 -390.489 -967.419 -435.819
-846.678 -390.489 -738.667 -407.667
-846.678 -390.489 -857.361 -381.744
-846.678 -390.489 -855.519 -422.35
-846.678 -390.489 -922.244 -347.294
-846.678 -390.489 -845.833 -427.833
-846.678 -390.489 -802.667 -257.833
-846.678 -390.489 -773.167 -375
-846.678 -390.489 -844.281 -336.367
-846.678 -390.489 -863.167 -417
-846.678 -390.489 -714.356 -429.325
-846.678 -390.489 -714.333 -417.333
-846.678 -390.489 -737.833 -406.333
-846.678 -390.489 -958.881 -361.983
-846.678 -390.489 -839.167 -359.5
-846.678 -390.489 -770.378 -388.519
-846.678 -390.489 -800.956 -266.831
-846.678 -390.489 -738 -427.333
-846.678 -390.489 -899.667 -350.667
-846.678 -390.489 -787.875 -358.778
-846.678 -390.489 -1225.97 -455.886
-846.678 -390.489 -893.375 -431.397
-846.678 -390.489 -1120.33 -334.333
-846.678 -390.489 -867.75 -346.372
-846.678 -390.489 -841.833 -397.5
-846.678 -390.489 -822.189 -348.956
-1097.67 -485.5 -1085.33 -458
-1047.17 -388.167 -932.169 -448.833
-1047.17 -388.167 -766.683 -391.753
-1047.17 -388.167 -741.686 -406.925
-1047.17 -388.167 -844.281 -336.367
-970.381 -328.969 -1119.67 -407.883
-970.381 -328.969 -741.686 -406.925
-970.381 -328.969 -811.167 -339.5
-970.381 -328.969 -833.533 -422.125
-970.381 -328.969 -899.667 -350.667
-970.381 -328.969 -1007.5 -467.833
-970.381 -328.969 -703 -436.5
-970.381 -328.969 -846.678 -390.489
-970.381 -328.969 -932.169 -448.833
-970.381 -328.969 -953.414 -299.844
-970.381 -328.969 -844.281 -336.367
-970.381 -328.969 -1142.67 -483.167
-970.381 -328.969 -822.189 -348.956
-893.375 -431.397 -726.833 -419.389
-893.375 -431.397 -818.5 -414.167
-893.375 -431.397 -770.378 -388.519
-893.375 -431.397 -833.533 -422.125
-893.375 -431.397 -899.667 -350.667
-893.375 -431.397 -846.678 -390.489
-893.375 -431.397 -1119.83 -466
-893.375 -431.397 -932.169 -448.833
-893.375 -431.397 -1047.17 -388.167
-893.375 -431.397 -738.667 -407.667
-893.375 -431.397 -871.833 -304.667
-893.375 -431.397 -802.667 -257.833
-893.375 -431.397 -844.281 -336.367
-893.375 -431.397 -714.356 -429.325
-864 -323 -899.667 -350.667
-864 -323 -974.333 -376.5
-1046.83 -471.333 -1085.33 -458
-1046.73 -398.617 -1119.67 -407.883
-1046.73 -398.617 -817.553 -265.422
-1046.73 -398.617 -766.683 -391.753
-1046.73 -398.617 -741.686 -406.925
-1046.73 -398.617 -818.5 -414.167
-1046.73 -398.617 -801.528 -260.725
-1046.73 -398.617 -833.533 -422.125
-1046.73 -398.617 -899.667 -350.667
-1046.73 -398.617 -846.678 -390.489
-1046.73 -398.617 -932.169 -448.833
-1046.73 -398.617 -1225.97 -455.886
-1046.73 -398.617 -921.833 -468.333
-1046.73 -398.617 -953.414 -299.844
-1046.73 -398.617 -738.667 -407.667
-1046.73 -398.617 -1223.09 -474.489
-1046.73 -398.617 -809.333 -352.167
-1046.73 -398.617 -802.667 -257.833
-1046.73 -398.617 -844.281 -336.367
-936.631 -415.339 -938.167 -324.5
-936.631 -415.339 -932.169 -448.833
-936.631 -415.339 -762 -369
-936.631 -415.339 -882.428 -306.911
-936.631 -415.339 -953.414 -299.844
-936.631 -415.339 -738.667 -407.667
-936.631 -415.339 -770.378 -388.519
-936.631 -415.339 -833.533 -422.125
-936.631 -415.339 -844.281 -336.367
-936.631 -415.339 -899.667 -350.667
-936.631 -415.339 -787.875 -358.778
-833.533 -422.125 -726.833 -419.389
-833.533 -422.125 -766.683 -391.753
-833.533 -422.125 -814.422 -409.161
-833.533 -422.125 -855.333 -428.833
-833.533 -422.125 -789.667 -337
-833.533 -422.125 -800.406 -328.986
-833.533 -422.125 -794 -402.833
-833.533 -422.125 -703 -436.5
-833.533 -422.125 -830.797 -435.328
-833.533 -422.125 -825.331 -279.756
-833.533 -422.125 -1171.83 -327.333
-833.533 -422.125 -762 -369
-833.533 -422.125 -953.414 -299.844
-833.533 -422.125 -1223.09 -474.489
-833.533 -422.125 -851.167 -411.167
-833.533 -422.125 -1184.07 -339.425
-833.533 -422.125 -933.833 -372.5
-833.533 -422.125 -1119.67 -407.883
-833.533 -422.125 -817.553 -265.422
-833.533 -422.125 -867.5 -335.667
-833.533 -422.125 -811.167 -339.5
-833.533 -422.125 -802.328 -404.914
-833.533 -422.125 -752.411 -398.719
-833.533 -422.125 -889.158 -404.772
-833.533 -422.125 -879 -429.5
-833.533 -422.125 -862.333 -431.667
-833.533 -422.125 -967.592 -408.508
-833.533 -422.125 -731.533 -444.719
-833.533 -422.125 -759.797 -422.086
-833.533 -422.125 -903.7 -387.486
-833.533 -422.125 -848 -455.667
-833.533 -422.125 -936.631 -415.339
-833.533 -422.125 -737 -410.667
-833.533 -422.125 -818.5 -414.167
-833.533 -422.125 -799.372 -360.978
-833.533 -422.125 -902.581 -299.933
-833.533 -422.125 -1046.73 -398.617
-833.533 -422.125 -813.089 -284.294
-833.533 -422.125 -866.781 -361.244
-833.533 -422.125 -925 -439.083
-833.533 -422.125 -905.167 -414.5
-833.533 -422.125 -896.833 -406.667
-833.533 -422.125 -769 -421.667
-833.533 -422.125 -943.067 -362.817
-833.533 -422.125 -824.075 -364.753
-833.533 -422.125 -825.544 -273.956
-833.533 -422.125 -877.5 -417.833
-833.533 -422.125 -784.5 -381.333
-833.533 -422.125 -714.356 -429.325
-833.533 -422.125 -714.333 -417.333
-833.533 -422.125 -879.047 -419.786
-833.533 -422.125 -737.833 -406.333
-833.533 -422.125 -801.528 -260.725
-833.533 -422.125 -816 -383.667
-833.533 -422.125 -770.378 -388.519
-833.533 -422.125 -800.956 -266.831
-833.533 -422.125 -754.403 -406.522
-833.533 -422.125 -899.667 -350.667
-833.533 -422.125 -787.875 -358.778
-833.533 -422.125 -893.375 -431.397
-833.533 -422.125 -825.417 -354.361
-833.533 -422.125 -841.833 -397.5
-833.533 -422.125 -822.189 -348.956
-833.533 -422.125 -740.167 -415
-833.533 -422.125 -875.667 -465.333
-833.533 -422.125 -938.167 -324.5
-833.533 -422.125 -741.686 -406.925
-833.533 -422.125 -799.833 -373.167
-833.533 -422.125 -837.436 -429.656
-833.533 -422.125 -776.725 -431.189
-833.533 -422.125 -885.167 -442.667
-833.533 -422.125 -846.678 -390.489
-833.533 -422.125 -917.108 -418.847
-833.533 -422.125 -828.833 -400
-833.533 -422.125 -862.947 -397.172
-833.533 -422.125 -835.5 -450.833
-833.533 -422.125 -984.667 -295.333
-833.533 -422.125 -855.822 -447.414
-833.533 -422.125 -764.667 -424.833
-833.533 -422.125 -801.833 -420.833
-833.533 -422.125 -976.7 -301.944
-833.533 -422.125 -959 -413
-833.533 -422.125 -787.322 -429.406
-833.533 -422.125 -809.333 -352.167
-833.533 -422.125 -947.306 -392.917
-833.533 -422.125 -838.078 -415.869
-833.533 -422.125 -778.833 -407.722
-833.533 -422.125 -774.558 -389.444
-833.533 -422.125 -976.008 -353.931
-833.533 -422.125 -896.831 -447.694
-833.533 -422.125 -970.381 -328.969
-833.533 -422.125 -881.333 -444.833
-833.533 -422.125 -816.333 -304.167
-833.533 -422.125 -846.058 -380.364
-833.533 -422.125 -1223.75 -376.189
-833.533 -422.125 -767.633 -401.936
-833.533 -422.125 -932.169 -448.833
-833.533 -422.125 -812 -321.333
-833.533 -422.125 -688.167 -448
-833.533 -422.125 -844.667 -462.5
-833.533 -422.125 -757.233 -413.383
-833.533 -422.125 -738.667 -407.667
-833.533 -422.125 -857.361 -381.744
-833.533 -422.125 -855.519 -422.35
-833.533 -422.125 -922.244 -347.294
-833.533 -422.125 -845.833 -427.833
-833.533 -422.125 -802.667 -257.833
-833.533 -422.125 -773.167 -375
-833.533 -422.125 -844.281 -336.367
-833.533 -422.125 -863.167 -417
-833.533 -422.125 -958.881 -361.983
-833.533 -422.125 -875.325 -380.369
-833.533 -422.125 -900.758 -323.111
-833.533 -422.125 -839.167 -359.5
-833.533 -422.125 -882.833 -400.333
-833.533 -422.125 -710 -423.631
-833.533 -422.125 -1111.53 -457.775
-833.533 -422.125 -738 -427.333
-833.533 -422.125 -1120.33 -334.333
-833.533 -422.125 -921.833 -468.333
-833.533 -422.125 -867.75 -346.372
-833.533 -422.125 -1151.67 -360.833
-833.533 -422.125 -761.167 -431.167
-989 -481.167 -932.169 -448.833
-989 -481.167 -941.356 -464.017
-989 -481.167 -971.833 -479.5
-854.5 -313.167 -844.281 -336.367
-921.833 -468.333 -932.169 -448.833
-921.833 -468.333 -737 -410.667
-921.833 -468.333 -828.833 -400
-921.833 -468.333 -770.378 -388.519
-921.833 -468.333 -833.533 -422.125
-921.833 -468.333 -1046.73 -398.617
-921.833 -468.333 -866.781 -361.244
-921.833 -468.333 -1184.07 -339.425
-921.833 -468.333 -879.047 -419.786
-1069.17 -396.333 -932.169 -448.833
-865.253 -304.833 -947.306 -392.917
-865.253 -304.833 -844.281 -336.367
-865.253 -304.833 -899.667 -350.667
-865.253 -304.833 -879.047 -419.786
-865.253 -304.833 -879 -429.5
-1063.83 -318 -1119.67 -407.883
-1063.83 -318 -953.414 -299.844
-1063.83 -318 -844.281 -336.367
-769 -421.667 -833.533 -422.125
-769 -421.667 -863.167 -417
-848 -455.667 -833.533 -422.125
-959 -413 -932.169 -448.833
-959 -413 -741.686 -406.925
-959 -413 -867.5 -335.667
-959 -413 -953.414 -299.844
-959 -413 -871.833 -304.667
-959 -413 -833.533 -422.125
-959 -413 -1165 -338.333
-959 -413 -899.667 -350.667
-959 -413 -1007.5 -467.833
-959 -413 -830.797 -435.328
-959 -413 -801.833 -420.833
-1232.17 -441.167 -1225.97 -455.886
-1232.17 -441.167 -1223.09 -474.489
-875.325 -380.369 -818.5 -414.167
-875.325 -380.369 -953.414 -299.844
-875.325 -380.369 -920.333 -325
-875.325 -380.369 -845.833 -427.833
-875.325 -380.369 -833.533 -422.125
-875.325 -380.369 -899.667 -350.667
-875.325 -380.369 -816.333 -304.167
-875.325 -380.369 -846.678 -390.489
-934 -485.667 -932.169 -448.833
-934 -485.667 -928.333 -473.833
-1120.67 -435.167 -1119.67 -407.883
-1120.67 -435.167 -932.169 -448.833
-1120.67 -435.167 -1223.09 -474.489
-1120.67 -435.167 -1162.23 -435.644
-941.919 -425.511 -932.169 -448.833
-941.919 -425.511 -933.314 -431.578
-801.528 -260.725 -932.169 -448.833
-801.528 -260.725 -862.947 -397.172
-801.528 -260.725 -741.686 -406.925
-801.528 -260.725 -818.5 -414.167
-801.528 -260.725 -953.414 -299.844
-801.528 -260.725 -787.322 -429.406
-801.528 -260.725 -1223.09 -474.489
-801.528 -260.725 -833.533 -422.125
-801.528 -260.725 -1046.73 -398.617
-801.528 -260.725 -1175.34 -476.197
-801.528 -260.725 -899.667 -350.667
-1197.17 -367.667 -1119.67 -407.883
-1197.17 -367.667 -1223.09 -474.489
-1197.17 -367.667 -1184.07 -339.425
-822.667 -296.833 -844.281 -336.367
-1111.53 -457.775 -1119.67 -407.883
-1111.53 -457.775 -932.169 -448.833
-1111.53 -457.775 -801.528 -260.725
-1111.53 -457.775 -855.333 -428.833
-1111.53 -457.775 -1223.09 -474.489
-1111.53 -457.775 -833.533 -422.125
-1111.53 -457.775 -1124.97 -459.547
-879 -429.5 -862.947 -397.172
-879 -429.5 -741.686 -406.925
-879 -429.5 -818.5 -414.167
-879 -429.5 -902.581 -299.933
-879 -429.5 -833.533 -422.125
-879 -429.5 -899.667 -350.667
-879 -429.5 -752.411 -398.719
-879 -429.5 -830.797 -435.328
-879 -429.5 -1012.83 -482.667
-879 -429.5 -825.331 -279.756
-879 -429.5 -846.678 -390.489
-879 -429.5 -932.169 -448.833
-879 -429.5 -1120.33 -334.333
-879 -429.5 -844.281 -336.367
-953.414 -299.844 -766.683 -391.753
-953.414 -299.844 -1178.67 -336.667
-953.414 -299.844 -855.333 -428.833
-953.414 -299.844 -920.333 -325
-953.414 -299.844 -968.5 -328.528
-953.414 -299.844 -825.331 -279.756
-953.414 -299.844 -1171.83 -327.333
-953.414 -299.844 -1047.17 -388.167
-953.414 -299.844 -762 -369
-953.414 -299.844 -1223.09 -474.489
-953.414 -299.844 -1184.07 -339.425
-953.414 -299.844 -974.333 -376.5
-953.414 -299.844 -1119.67 -407.883
-953.414 -299.844 -817.553 -265.422
-953.414 -299.844 -867.5 -335.667
-953.414 -299.844 -1197.68 -394.992
-953.414 -299.844 -802.328 -404.914
-953.414 -299.844 -752.411 -398.719
-953.414 -299.844 -879 -429.5
-953.414 -299.844 -919.875 -302.053
-953.414 -299.844 -818.5 -414.167
-953.414 -299.844 -1046.73 -398.617
-953.414 -299.844 -813.089 -284.294
-953.414 -299.844 -902.581 -299.933
-953.414 -299.844 -866.781 -361.244
-953.414 -299.844 -932.167 -301.167
-953.414 -299.844 -1063.83 -318
-953.414 -299.844 -943.067 -362.817
-953.414 -299.844 -714.333 -417.333
-953.414 -299.844 -737.833 -406.333
-953.414 -299.844 -879.047 -419.786
-953.414 -299.844 -801.528 -260.725
-953.414 -299.844 -941 -300.833
-953.414 -299.844 -770.378 -388.519
-953.414 -299.844 -800.956 -266.831
-953.414 -299.844 -899.667 -350.667
-953.414 -299.844 -787.875 -358.778
-953.414 -299.844 -1109.41 -321.161
-953.414 -299.844 -822.189 -348.956
-953.414 -299.844 -741.686 -406.925
-953.414 -299.844 -982.386 -261.758
-953.414 -299.844 -833.533 -422.125
-953.414 -299.844 -846.678 -390.489
-953.414 -299.844 -828.833 -400
-953.414 -299.844 -1216.17 -387
-953.414 -299.844 -1176.01 -340.561
-953.414 -299.844 -862.947 -397.172
-953.414 -299.844 -984.667 -295.333
-953.414 -299.844 -976.7 -301.944
-953.414 -299.844 -959 -413
-953.414 -299.844 -947.306 -392.917
-953.414 -299.844 -774.558 -389.444
-953.414 -299.844 -976.008 -353.931
-953.414 -299.844 -970.381 -328.969
-953.414 -299.844 -1066.09 -350.403
-953.414 -299.844 -816.333 -304.167
-953.414 -299.844 -846.058 -380.364
-953.414 -299.844 -1223.75 -376.189
-953.414 -299.844 -932.169 -448.833
-953.414 -299.844 -812 -321.333
-953.414 -299.844 -911.5 -305.333
-953.414 -299.844 -802.667 -257.833
-953.414 -299.844 -844.281 -336.367
-953.414 -299.844 -958.881 -361.983
-953.414 -299.844 -900.758 -323.111
-953.414 -299.844 -839.167 -359.5
-953.414 -299.844 -1222.17 -377.167
-953.414 -299.844 -1225.97 -455.886
-953.414 -299.844 -890.667 -304
-953.414 -299.844 -1120.33 -334.333
-953.414 -299.844 -1219.19 -373.528
-953.414 -299.844 -867.75 -346.372
-953.414 -299.844 -1151.67 -360.833
-1142.67 -483.167 -932.169 -448.833
-1142.67 -483.167 -877.5 -417.833
-1142.67 -483.167 -1223.09 -474.489
-971.833 -479.5 -932.169 -448.833
-971.833 -479.5 -989 -481.167
-971.833 -479.5 -844.281 -336.367
-971.833 -479.5 -925 -439.083
-971.833 -479.5 -879.047 -419.786
-759.797 -422.086 -833.533 -422.125
-896.833 -406.667 -932.169 -448.833
-896.833 -406.667 -828.833 -400
-896.833 -406.667 -833.533 -422.125
-896.833 -406.667 -773.167 -375
-776.725 -431.189 -932.169 -448.833
-776.725 -431.189 -741.686 -406.925
-776.725 -431.189 -936.631 -415.339
-776.725 -431.189 -839.167 -359.5
-776.725 -431.189 -857.361 -381.744
-776.725 -431.189 -1030.5 -440.333
-776.725 -431.189 -833.533 -422.125
-776.725 -431.189 -867.75 -346.372
-776.725 -431.189 -844.281 -336.367
-776.725 -431.189 -822.189 -348.956
-776.725 -431.189 -846.678 -390.489
-909.85 -334.772 -899.667 -350.667
-909.85 -334.772 -846.058 -380.364
-822.189 -348.956 -896.833 -406.667
-822.189 -348.956 -741.686 -406.925
-822.189 -348.956 -818.5 -414.167
-822.189 -348.956 -833.533 -422.125
-822.189 -348.956 -844.281 -336.367
-822.189 -348.956 -899.667 -350.667
-822.189 -348.956 -830.797 -435.328
-822.189 -348.956 -976.7 -301.944
-822.189 -348.956 -903.7 -387.486
-890.667 -304 -818.5 -414.167
-890.667 -304 -953.414 -299.844
-890.667 -304 -844.281 -336.367
-890.667 -304 -899.667 -350.667
-767.633 -401.936 -932.169 -448.833
-767.633 -401.936 -833.533 -422.125
-767.633 -401.936 -970.381 -328.969
-844.281 -336.367 -726.833 -419.389
-844.281 -336.367 -766.683 -391.753
-844.281 -336.367 -822.667 -296.833
-844.281 -336.367 -855.333 -428.833
-844.281 -336.367 -814.422 -409.161
-844.281 -336.367 -800.406 -328.986
-844.281 -336.367 -703 -436.5
-844.281 -336.367 -830.797 -435.328
-844.281 -336.367 -856.833 -302.167
-844.281 -336.367 -810.5 -291.833
-844.281 -336.367 -1047.17 -388.167
-844.281 -336.367 -762 -369
-844.281 -336.367 -953.414 -299.844
-844.281 -336.367 -854.5 -313.167
-844.281 -336.367 -871.833 -304.667
-844.281 -336.367 -1184.07 -339.425
-844.281 -336.367 -1119.67 -407.883
-844.281 -336.367 -817.553 -265.422
-844.281 -336.367 -867.5 -335.667
-844.281 -336.367 -811.167 -339.5
-844.281 -336.367 -802.328 -404.914
-844.281 -336.367 -752.411 -398.719
-844.281 -336.367 -879 -429.5
-844.281 -336.367 -903.7 -387.486
-844.281 -336.367 -936.631 -415.339
-844.281 -336.367 -818.5 -414.167
-844.281 -336.367 -799.372 -360.978
-844.281 -336.367 -1046.73 -398.617
-844.281 -336.367 -813.089 -284.294
-844.281 -336.367 -902.581 -299.933
-844.281 -336.367 -866.781 -361.244
-844.281 -336.367 -1063.83 -318
-844.281 -336.367 -925.486 -313.275
-844.281 -336.367 -825.544 -273.956
-844.281 -336.367 -1085.33 -458
-844.281 -336.367 -877.5 -417.833
-844.281 -336.367 -967.419 -435.819
-844.281 -336.367 -852.039 -350.353
-844.281 -336.367 -714.356 -429.325
-844.281 -336.367 -879.047 -419.786
-844.281 -336.367 -765 -371.333
-844.281 -336.367 -770.378 -388.519
-844.281 -336.367 -800.956 -266.831
-844.281 -336.367 -899.667 -350.667
-844.281 -336.367 -787.875 -358.778
-844.281 -336.367 -1109.41 -321.161
-844.281 -336.367 -779.025 -342.706
-844.281 -336.367 -893.375 -431.397
-844.281 -336.367 -825.417 -354.361
-844.281 -336.367 -841.833 -397.5
-844.281 -336.367 -822.189 -348.956
-844.281 -336.367 -865.253 -304.833
-844.281 -336.367 -741.686 -406.925
-844.281 -336.367 -843.503 -303.964
-844.281 -336.367 -837.436 -429.656
-844.281 -336.367 -833.533 -422.125
-844.281 -336.367 -776.725 -431.189
-844.281 -336.367 -885.167 -442.667
-844.281 -336.367 -846.678 -390.489
-844.281 -336.367 -806.333 -281
-844.281 -336.367 -1216.17 -387
-844.281 -336.367 -952.789 -296.456
-844.281 -336.367 -1176.01 -340.561
-844.281 -336.367 -862.947 -397.172
-844.281 -336.367 -984.667 -295.333
-844.281 -336.367 -819.667 -333.667
-844.281 -336.367 -976.7 -301.944
-844.281 -336.367 -787.322 -429.406
-844.281 -336.367 -809.333 -352.167
-844.281 -336.367 -774.558 -389.444
-844.281 -336.367 -976.008 -353.931
-844.281 -336.367 -970.381 -328.969
-844.281 -336.367 -1066.09 -350.403
-844.281 -336.367 -881.333 -444.833
-844.281 -336.367 -846.058 -380.364
-844.281 -336.367 -1223.75 -376.189
-844.281 -336.367 -767.633 -401.936
-844.281 -336.367 -932.169 -448.833
-844.281 -336.367 -812 -321.333
-844.281 -336.367 -911.5 -305.333
-844.281 -336.367 -738.667 -407.667
-844.281 -336.367 -857.361 -381.744
-844.281 -336.367 -922.244 -347.294
-844.281 -336.367 -887.5 -323.333
-844.281 -336.367 -802.667 -257.833
-844.281 -336.367 -773.167 -375
-844.281 -336.367 -863.167 -417
-844.281 -336.367 -958.881 -361.983
-844.281 -336.367 -900.758 -323.111
-844.281 -336.367 -839.167 -359.5
-844.281 -336.367 -738 -427.333
-844.281 -336.367 -1222.17 -377.167
-844.281 -336.367 -817.667 -245.5
-844.281 -336.367 -1225.97 -455.886
-844.281 -336.367 -890.667 -304
-844.281 -336.367 -882.428 -306.911
-844.281 -336.367 -1120.33 -334.333
-844.281 -336.367 -1219.19 -373.528
-844.281 -336.367 -867.75 -346.372
-844.281 -336.367 -761.167 -431.167
-893.369 -314.672 -887.731 -370.603
-893.369 -314.672 -899.667 -350.667
-968.167 -469.167 -817.553 -265.422
-968.167 -469.167 -1119.67 -407.883
-968.167 -469.167 -932.169 -448.833
-968.167 -469.167 -947.306 -392.917
-968.167 -469.167 -959 -413
-968.167 -469.167 -762 -369
-968.167 -469.167 -976.008 -353.931
-968.167 -469.167 -970.381 -328.969
-968.167 -469.167 -958.881 -361.983
-1119.83 -466 -1119.67 -407.883
-1119.83 -466 -932.169 -448.833
-1119.83 -466 -1113.67 -475
-1119.83 -466 -855.333 -428.833
-1119.83 -466 -1223.09 -474.489
-818.5 -414.167 -947.306 -392.917
-818.5 -414.167 -726.833 -419.389
-818.5 -414.167 -766.683 -391.753
-818.5 -414.167 -741.686 -406.925
-818.5 -414.167 -813.089 -284.294
-818.5 -414.167 -833.533 -422.125
-818.5 -414.167 -1046.73 -398.617
-818.5 -414.167 -866.781 -361.244
-818.5 -414.167 -776.725 -431.189
-818.5 -414.167 -825.331 -279.756
-818.5 -414.167 -932.169 -448.833
-818.5 -414.167 -877.5 -417.833
-818.5 -414.167 -953.414 -299.844
-818.5 -414.167 -738.667 -407.667
-818.5 -414.167 -911.5 -305.333
-818.5 -414.167 -1223.09 -474.489
-818.5 -414.167 -773.167 -375
-818.5 -414.167 -844.281 -336.367
-818.5 -414.167 -714.356 -429.325
-818.5 -414.167 -879.047 -419.786
-818.5 -414.167 -817.553 -265.422
-818.5 -414.167 -1119.67 -407.883
-818.5 -414.167 -867.5 -335.667
-818.5 -414.167 -801.528 -260.725
-818.5 -414.167 -839.167 -359.5
-818.5 -414.167 -710 -423.631
-818.5 -414.167 -770.378 -388.519
-818.5 -414.167 -754.403 -406.522
-818.5 -414.167 -738 -427.333
-818.5 -414.167 -899.667 -350.667
-818.5 -414.167 -752.411 -398.719
-818.5 -414.167 -879 -429.5
-818.5 -414.167 -976.7 -301.944
-818.5 -414.167 -862.333 -431.667
-818.5 -414.167 -893.375 -431.397
-818.5 -414.167 -1120.33 -334.333
-818.5 -414.167 -787.322 -429.406
-818.5 -414.167 -731.533 -444.719
-818.5 -414.167 -809.333 -352.167
-818.5 -414.167 -1030.5 -440.333
-818.5 -414.167 -943.667 -353.333
-818.5 -414.167 -841.833 -397.5
-818.5 -414.167 -1151.67 -360.833
-818.5 -414.167 -822.189 -348.956
-818.5 -414.167 -761.167 -431.167
-885.733 -471.236 -932.169 -448.833
-885.733 -471.236 -828.833 -400
-867.75 -346.372 -936.631 -415.339
-867.75 -346.372 -818.5 -414.167
-867.75 -346.372 -833.533 -422.125
-867.75 -346.372 -844.281 -336.367
-867.75 -346.372 -899.667 -350.667
-867.75 -346.372 -776.725 -431.189
-867.75 -346.372 -976.7 -301.944
-867.75 -346.372 -846.678 -390.489
-862.947 -397.172 -947.306 -392.917
-862.947 -397.172 -726.833 -419.389
-862.947 -397.172 -741.686 -406.925
-862.947 -397.172 -818.5 -414.167
-862.947 -397.172 -843.503 -303.964
-862.947 -397.172 -1046.73 -398.617
-862.947 -397.172 -833.533 -422.125
-862.947 -397.172 -813.089 -284.294
-862.947 -397.172 -881.333 -444.833
-862.947 -397.172 -816.333 -304.167
-862.947 -397.172 -1171.83 -327.333
-862.947 -397.172 -825.331 -279.756
-862.947 -397.172 -846.678 -390.489
-862.947 -397.172 -932.169 -448.833
-862.947 -397.172 -1113.67 -475
-862.947 -397.172 -953.414 -299.844
-862.947 -397.172 -738.667 -407.667
-862.947 -397.172 -845.833 -427.833
-862.947 -397.172 -844.281 -336.367
-862.947 -397.172 -1184.07 -339.425
-862.947 -397.172 -817.553 -265.422
-862.947 -397.172 -952.789 -296.456
-862.947 -397.172 -801.528 -260.725
-862.947 -397.172 -710 -423.631
-862.947 -397.172 -770.378 -388.519
-862.947 -397.172 -899.667 -350.667
-862.947 -397.172 -752.411 -398.719
-862.947 -397.172 -787.875 -358.778
-862.947 -397.172 -976.7 -301.944
-862.947 -397.172 -1151.67 -360.833
-801.833 -420.833 -959 -413
-801.833 -420.833 -875.325 -380.369
-801.833 -420.833 -855.519 -422.35
-801.833 -420.833 -833.533 -422.125
-801.833 -420.833 -889.158 -404.772
-1066.17 -482.167 -1085.33 -458
-1113.67 -475 -1119.67 -407.883
-1113.67 -475 -932.169 -448.833
-1113.67 -475 -893.375 -431.397
-1113.67 -475 -1223.09 -474.489
-1113.67 -475 -776.725 -431.189
-1113.67 -475 -1119.83 -466
-817.667 -245.5 -802.667 -257.833
-817.667 -245.5 -825.331 -279.756
-1012.83 -482.667 -932.169 -448.833
-1012.83 -482.667 -862.947 -397.172
-1012.83 -482.667 -844.281 -336.367
-1012.83 -482.667 -899.667 -350.667
-925 -439.083 -932.169 -448.833
-925 -439.083 -762 -369
-925 -439.083 -855.333 -428.833
-925 -439.083 -833.533 -422.125
-925 -439.083 -773.167 -375
-925 -439.083 -903.7 -387.486
-1055.67 -480.833 -1085.33 -458
-703 -436.5 -741.686 -406.925
-703 -436.5 -936.631 -415.339
-703 -436.5 -833.533 -422.125
-703 -436.5 -970.381 -328.969
-703 -436.5 -844.281 -336.367
-703 -436.5 -846.678 -390.489
-900.758 -323.111 -766.683 -391.753
-900.758 -323.111 -818.5 -414.167
-900.758 -323.111 -787.322 -429.406
-900.758 -323.111 -855.333 -428.833
-900.758 -323.111 -953.414 -299.844
-900.758 -323.111 -833.533 -422.125
-900.758 -323.111 -844.281 -336.367
-900.758 -323.111 -851.167 -411.167
-900.758 -323.111 -899.667 -350.667
-900.758 -323.111 -841.833 -397.5
-816.333 -304.167 -932.169 -448.833
-816.333 -304.167 -959 -413
-816.333 -304.167 -741.686 -406.925
-816.333 -304.167 -877.5 -417.833
-816.333 -304.167 -875.325 -380.369
-816.333 -304.167 -953.414 -299.844
-816.333 -304.167 -833.533 -422.125
-816.333 -304.167 -1111.53 -457.775
-816.333 -304.167 -899.667 -350.667
-816.333 -304.167 -846.678 -390.489
-841.833 -397.5 -932.169 -448.833
-841.833 -397.5 -741.686 -406.925
-841.833 -397.5 -818.5 -414.167
-841.833 -397.5 -688.167 -448
-841.833 -397.5 -833.533 -422.125
-841.833 -397.5 -844.281 -336.367
-841.833 -397.5 -925 -439.083
-841.833 -397.5 -971.833 -479.5
-841.833 -397.5 -846.678 -390.489
-986.833 -469.333 -932.169 -448.833
-986.833 -469.333 -941.356 -464.017
-986.833 -469.333 -984.333 -454.5
-941 -300.833 -953.414 -299.844
-967.419 -435.819 -932.169 -448.833
-967.419 -435.819 -862.947 -397.172
-967.419 -435.819 -1216.17 -387
-967.419 -435.819 -844.281 -336.367
-967.419 -435.819 -846.678 -390.489
-737.833 -406.333 -1119.67 -407.883
-737.833 -406.333 -833.533 -422.125
-737.833 -406.333 -866.781 -361.244
-737.833 -406.333 -846.678 -390.489
-737.833 -406.333 -1171.83 -327.333
-737.833 -406.333 -932.169 -448.833
-737.833 -406.333 -828.833 -400
-737.833 -406.333 -953.414 -299.844
-737.833 -406.333 -844.281 -336.367
-737.833 -406.333 -1184.07 -339.425
-737.833 -406.333 -1151.67 -360.833
-1178.67 -336.667 -1119.67 -407.883
-1178.67 -336.667 -1225.97 -455.886
-1178.67 -336.667 -932.169 -448.833
-1178.67 -336.667 -741.686 -406.925
-1178.67 -336.667 -953.414 -299.844
-1178.67 -336.667 -968.167 -469.167
-1178.67 -336.667 -1223.09 -474.489
-1178.67 -336.667 -846.678 -390.489
-855.519 -422.35 -932.169 -448.833
-855.519 -422.35 -774.558 -389.444
-855.519 -422.35 -968.167 -469.167
-855.519 -422.35 -833.533 -422.125
-855.519 -422.35 -773.167 -375
-855.519 -422.35 -846.678 -390.489
-947.306 -392.917 -741.686 -406.925
-947.306 -392.917 -862.947 -397.172
-947.306 -392.917 -818.5 -414.167
-947.306 -392.917 -710 -423.631
-947.306 -392.917 -833.533 -422.125
-947.306 -392.917 -738 -427.333
-947.306 -392.917 -899.667 -350.667
-947.306 -392.917 -825.331 -279.756
-947.306 -392.917 -932.169 -448.833
-947.306 -392.917 -893.375 -431.397
-947.306 -392.917 -953.414 -299.844
-947.306 -392.917 -809.333 -352.167
-947.306 -392.917 -855.519 -422.35
-947.306 -392.917 -871.833 -304.667
-947.306 -392.917 -844.281 -336.367
-947.306 -392.917 -737.833 -406.333
-947.306 -392.917 -1120.67 -435.167
-855.333 -428.833 -818.5 -414.167
-855.333 -428.833 -710 -423.631
-855.333 -428.833 -770.378 -388.519
-855.333 -428.833 -833.533 -422.125
-855.333 -428.833 -813.089 -284.294
-855.333 -428.833 -800.956 -266.831
-855.333 -428.833 -899.667 -350.667
-855.333 -428.833 -787.875 -358.778
-855.333 -428.833 -767.633 -401.936
-855.333 -428.833 -846.678 -390.489
-855.333 -428.833 -932.169 -448.833
-855.333 -428.833 -953.414 -299.844
-855.333 -428.833 -738.667 -407.667
-855.333 -428.833 -809.333 -352.167
-855.333 -428.833 -844.281 -336.367
-887.5 -323.333 -844.281 -336.367
-1217.33 -421.667 -1225.97 -455.886
-738.667 -407.667 -947.306 -392.917
-738.667 -407.667 -936.631 -415.339
-738.667 -407.667 -862.947 -397.172
-738.667 -407.667 -818.5 -414.167
-738.667 -407.667 -855.333 -428.833
-738.667 -407.667 -1046.73 -398.617
-738.667 -407.667 -833.533 -422.125
-738.667 -407.667 -837.436 -429.656
-738.667 -407.667 -899.667 -350.667
-738.667 -407.667 -846.678 -390.489
-738.667 -407.667 -932.169 -448.833
-738.667 -407.667 -893.375 -431.397
-738.667 -407.667 -953.414 -299.844
-738.667 -407.667 -1120.33 -334.333
-738.667 -407.667 -1223.09 -474.489
-738.667 -407.667 -844.281 -336.367
-738.667 -407.667 -1184.07 -339.425
-738.667 -407.667 -1162.23 -435.644
-919.875 -302.053 -887.731 -370.603
-919.875 -302.053 -953.414 -299.844
-919.875 -302.053 -844.281 -336.367
-919.875 -302.053 -899.667 -350.667
-903.7 -387.486 -1119.67 -407.883
-903.7 -387.486 -741.686 -406.925
-903.7 -387.486 -818.5 -414.167
-903.7 -387.486 -833.533 -422.125
-903.7 -387.486 -970.381 -328.969
-903.7 -387.486 -899.667 -350.667
-903.7 -387.486 -752.411 -398.719
-903.7 -387.486 -816.333 -304.167
-903.7 -387.486 -830.797 -435.328
-903.7 -387.486 -846.678 -390.489
-903.7 -387.486 -932.169 -448.833
-903.7 -387.486 -923.833 -425.5
-903.7 -387.486 -968.167 -469.167
-903.7 -387.486 -844.281 -336.367
-754.403 -406.522 -818.5 -414.167
-754.403 -406.522 -833.533 -422.125
-754.403 -406.522 -905.167 -414.5
-887.7 -342.681 -876.167 -347.5
-887.7 -342.681 -899.667 -350.667
-967.592 -408.508 -932.169 -448.833
-967.592 -408.508 -833.533 -422.125
-967.592 -408.508 -846.058 -380.364
-710 -423.631 -862.947 -397.172
-710 -423.631 -818.5 -414.167
-710 -423.631 -833.533 -422.125
-710 -423.631 -970.381 -328.969
-710 -423.631 -899.667 -350.667
-710 -423.631 -932.169 -448.833
-710 -423.631 -893.375 -431.397
-710 -423.631 -1120.33 -334.333
-710 -423.631 -1223.09 -474.489
-710 -423.631 -1184.07 -339.425
-710 -423.631 -1151.67 -360.833
-710 -423.631 -1069.17 -396.333
-1181.5 -338.167 -1223.09 -474.489
-731.003 -407.953 -922.244 -347.294
-731.003 -407.953 -844.281 -336.367
-1184.07 -339.425 -741.686 -406.925
-1184.07 -339.425 -818.5 -414.167
-1184.07 -339.425 -1218.5 -365.833
-1184.07 -339.425 -833.533 -422.125
-1184.07 -339.425 -813.089 -284.294
-1184.07 -339.425 -1223 -405
-1184.07 -339.425 -1223.75 -376.189
-1184.07 -339.425 -1171.83 -327.333
-1184.07 -339.425 -1241 -409.833
-1184.07 -339.425 -932.169 -448.833
-1184.07 -339.425 -953.414 -299.844
-1184.07 -339.425 -738.667 -407.667
-1184.07 -339.425 -1223.09 -474.489
-1184.07 -339.425 -1206.42 -352.369
-1184.07 -339.425 -802.667 -257.833
-1184.07 -339.425 -844.281 -336.367
-1184.07 -339.425 -1162.23 -435.644
-1184.07 -339.425 -1119.67 -407.883
-1184.07 -339.425 -862.947 -397.172
-1184.07 -339.425 -1197.17 -367.667
-1184.07 -339.425 -1228.67 -423.667
-1184.07 -339.425 -710 -423.631
-1184.07 -339.425 -770.378 -388.519
-1184.07 -339.425 -1198.4 -334.261
-1184.07 -339.425 -1197.68 -394.992
-1184.07 -339.425 -899.667 -350.667
-1184.07 -339.425 -1225.97 -455.886
-1184.07 -339.425 -1151.67 -360.833
-902.581 -299.933 -932.169 -448.833
-902.581 -299.933 -741.686 -406.925
-902.581 -299.933 -953.414 -299.844
-902.581 -299.933 -833.533 -422.125
-902.581 -299.933 -844.281 -336.367
-902.581 -299.933 -714.333 -417.333
-902.581 -299.933 -899.667 -350.667
-902.581 -299.933 -703 -436.5
-902.581 -299.933 -879.047 -419.786
-902.581 -299.933 -846.678 -390.489
-857.361 -381.744 -741.686 -406.925
-857.361 -381.744 -818.5 -414.167
-857.361 -381.744 -900.758 -323.111
-857.361 -381.744 -976.008 -353.931
-857.361 -381.744 -833.533 -422.125
-857.361 -381.744 -855.822 -447.414
-857.361 -381.744 -738 -427.333
-857.361 -381.744 -899.667 -350.667
-857.361 -381.744 -1012.83 -482.667
-857.361 -381.744 -976.7 -301.944
-857.361 -381.744 -846.678 -390.489
-857.361 -381.744 -932.169 -448.833
-857.361 -381.744 -844.281 -336.367
-968.5 -328.528 -953.414 -299.844
-852.039 -350.353 -938.167 -324.5
-852.039 -350.353 -920.333 -325
-852.039 -350.353 -899.667 -350.667
-852.039 -350.353 -846.678 -390.489
-714.356 -429.325 -741.686 -406.925
-714.356 -429.325 -862.947 -397.172
-714.356 -429.325 -818.5 -414.167
-714.356 -429.325 -833.533 -422.125
-714.356 -429.325 -844.281 -336.367
-714.356 -429.325 -846.678 -390.489
-933.314 -431.578 -932.169 -448.833
-933.314 -431.578 -941.919 -425.511
-830.797 -435.328 -932.169 -448.833
-830.797 -435.328 -959 -413
-830.797 -435.328 -809.333 -352.167
-830.797 -435.328 -902.581 -299.933
-830.797 -435.328 -833.533 -422.125
-982.386 -261.758 -953.414 -299.844
-1151.67 -360.833 -1119.67 -407.883
-1151.67 -360.833 -741.686 -406.925
-1151.67 -360.833 -862.947 -397.172
-1151.67 -360.833 -818.5 -414.167
-1151.67 -360.833 -855.333 -428.833
-1151.67 -360.833 -770.378 -388.519
-1151.67 -360.833 -833.533 -422.125
-1151.67 -360.833 -899.667 -350.667
-1151.67 -360.833 -1225.97 -455.886
-1151.67 -360.833 -932.169 -448.833
-1151.67 -360.833 -953.414 -299.844
-1151.67 -360.833 -738.667 -407.667
-1151.67 -360.833 -922.244 -347.294
-1151.67 -360.833 -1223.09 -474.489
-1151.67 -360.833 -844.281 -336.367
-1151.67 -360.833 -1184.07 -339.425
-839.167 -359.5 -936.631 -415.339
-839.167 -359.5 -741.686 -406.925
-839.167 -359.5 -833.533 -422.125
-839.167 -359.5 -837.436 -429.656
-839.167 -359.5 -899.667 -350.667
-839.167 -359.5 -752.411 -398.719
-839.167 -359.5 -856.833 -302.167
-839.167 -359.5 -846.678 -390.489
-839.167 -359.5 -932.169 -448.833
-839.167 -359.5 -917.108 -418.847
-839.167 -359.5 -953.414 -299.844
-839.167 -359.5 -968.167 -469.167
-839.167 -359.5 -933.833 -372.5
-806.333 -281 -844.281 -336.367
-899.667 -350.667 -938.167 -324.5
-899.667 -350.667 -865.253 -304.833
-899.667 -350.667 -726.833 -419.389
-899.667 -350.667 -741.686 -406.925
-899.667 -350.667 -766.683 -391.753
-899.667 -350.667 -893.369 -314.672
-899.667 -350.667 -855.333 -428.833
-899.667 -350.667 -843.503 -303.964
-899.667 -350.667 -920.333 -325
-899.667 -350.667 -833.533 -422.125
-899.667 -350.667 -800.406 -328.986
-899.667 -350.667 -856.833 -302.167
-899.667 -350.667 -825.331 -279.756
-899.667 -350.667 -846.678 -390.489
-899.667 -350.667 -828.833 -400
-899.667 -350.667 -953.414 -299.844
-899.667 -350.667 -1223.09 -474.489
-899.667 -350.667 -871.833 -304.667
-899.667 -350.667 -1184.07 -339.425
-899.667 -350.667 -909.85 -334.772
-899.667 -350.667 -933.833 -372.5
-899.667 -350.667 -974.333 -376.5
-899.667 -350.667 -817.553 -265.422
-899.667 -350.667 -867.5 -335.667
-899.667 -350.667 -862.947 -397.172
-899.667 -350.667 -984.667 -295.333
-899.667 -350.667 -811.167 -339.5
-899.667 -350.667 -802.328 -404.914
-899.667 -350.667 -752.411 -398.719
-899.667 -350.667 -879 -429.5
-899.667 -350.667 -976.7 -301.944
-899.667 -350.667 -959 -413
-899.667 -350.667 -809.333 -352.167
-899.667 -350.667 -943.667 -353.333
-899.667 -350.667 -903.7 -387.486
-899.667 -350.667 -947.306 -392.917
-899.667 -350.667 -919.875 -302.053
-899.667 -350.667 -936.631 -415.339
-899.667 -350.667 -818.5 -414.167
-899.667 -350.667 -799.372 -360.978
-899.667 -350.667 -976.008 -353.931
-899.667 -350.667 -813.089 -284.294
-899.667 -350.667 -902.581 -299.933
-899.667 -350.667 -1046.73 -398.617
-899.667 -350.667 -866.781 -361.244
-899.667 -350.667 -970.381 -328.969
-899.667 -350.667 -864 -323
-899.667 -350.667 -881.333 -444.833
-899.667 -350.667 -816.333 -304.167
-899.667 -350.667 -846.058 -380.364
-899.667 -350.667 -905.167 -414.5
-899.667 -350.667 -767.633 -401.936
-899.667 -350.667 -925.486 -313.275
-899.667 -350.667 -932.169 -448.833
-899.667 -350.667 -943.067 -362.817
-899.667 -350.667 -824.075 -364.753
-899.667 -350.667 -812 -321.333
-899.667 -350.667 -887.731 -370.603
-899.667 -350.667 -967.419 -435.819
-899.667 -350.667 -911.5 -305.333
-899.667 -350.667 -738.667 -407.667
-899.667 -350.667 -857.361 -381.744
-899.667 -350.667 -922.244 -347.294
-899.667 -350.667 -802.667 -257.833
-899.667 -350.667 -773.167 -375
-899.667 -350.667 -852.039 -350.353
-899.667 -350.667 -844.281 -336.367
-899.667 -350.667 -879.047 -419.786
-899.667 -350.667 -958.881 -361.983
-899.667 -350.667 -876.167 -347.5
-899.667 -350.667 -875.325 -380.369
-899.667 -350.667 -900.758 -323.111
-899.667 -350.667 -801.528 -260.725
-899.667 -350.667 -839.167 -359.5
-899.667 -350.667 -710 -423.631
-899.667 -350.667 -770.378 -388.519
-899.667 -350.667 -787.875 -358.778
-899.667 -350.667 -893.375 -431.397
-899.667 -350.667 -890.667 -304
-899.667 -350.667 -1120.33 -334.333
-899.667 -350.667 -882.428 -306.911
-899.667 -350.667 -968.167 -469.167
-899.667 -350.667 -887.7 -342.681
-899.667 -350.667 -867.75 -346.372
-899.667 -350.667 -1151.67 -360.833
-899.667 -350.667 -822.189 -348.956
-811.167 -339.5 -833.533 -422.125
-811.167 -339.5 -844.281 -336.367
-811.167 -339.5 -899.667 -350.667
-811.167 -339.5 -958.881 -361.983
-802.667 -257.833 -741.686 -406.925
-802.667 -257.833 -818.5 -414.167
-802.667 -257.833 -1046.73 -398.617
-802.667 -257.833 -833.533 -422.125
-802.667 -257.833 -813.089 -284.294
-802.667 -257.833 -837.436 -429.656
-802.667 -257.833 -899.667 -350.667
-802.667 -257.833 -817.667 -245.5
-802.667 -257.833 -932.169 -448.833
-802.667 -257.833 -953.414 -299.844
-802.667 -257.833 -844.281 -336.367
-802.667 -257.833 -1184.07 -339.425
-974.333 -376.5 -932.169 -448.833
-974.333 -376.5 -864 -323
-974.333 -376.5 -899.667 -350.667
-877.5 -417.833 -1119.67 -407.883
-877.5 -417.833 -932.169 -448.833
-877.5 -417.833 -741.686 -406.925
-877.5 -417.833 -818.5 -414.167
-877.5 -417.833 -984.667 -295.333
-877.5 -417.833 -1219.19 -373.528
-877.5 -417.833 -833.533 -422.125
-877.5 -417.833 -855.822 -447.414
-877.5 -417.833 -844.281 -336.367
-877.5 -417.833 -802.328 -404.914
-1219.19 -373.528 -1119.67 -407.883
-1219.19 -373.528 -1225.97 -455.886
-1219.19 -373.528 -932.169 -448.833
-1219.19 -373.528 -741.686 -406.925
-1219.19 -373.528 -953.414 -299.844
-1219.19 -373.528 -1223.09 -474.489
-1219.19 -373.528 -844.281 -336.367
-1219.19 -373.528 -881.333 -444.833
-1219.19 -373.528 -816.333 -304.167
-932.169 -448.833 -726.833 -419.389
-932.169 -448.833 -766.683 -391.753
-932.169 -448.833 -1178.67 -336.667
-932.169 -448.833 -1140.83 -469.167
-932.169 -448.833 -855.333 -428.833
-932.169 -448.833 -789.667 -337
-932.169 -448.833 -800.406 -328.986
-932.169 -448.833 -941.919 -425.511
-932.169 -448.833 -984.333 -454.5
-932.169 -448.833 -830.797 -435.328
-932.169 -448.833 -1012.83 -482.667
-932.169 -448.833 -825.331 -279.756
-932.169 -448.833 -1171.83 -327.333
-932.169 -448.833 -762 -369
-932.169 -448.833 -1047.17 -388.167
-932.169 -448.833 -953.414 -299.844
-932.169 -448.833 -1223.09 -474.489
-932.169 -448.833 -1184.07 -339.425
-932.169 -448.833 -933.833 -372.5
-932.169 -448.833 -974.333 -376.5
-932.169 -448.833 -1120.67 -435.167
-932.169 -448.833 -817.553 -265.422
-932.169 -448.833 -1119.67 -407.883
-932.169 -448.833 -802.328 -404.914
-932.169 -448.833 -752.411 -398.719
-932.169 -448.833 -879 -429.5
-932.169 -448.833 -971.833 -479.5
-932.169 -448.833 -949.333 -475.167
-932.169 -448.833 -967.592 -408.508
-932.169 -448.833 -1069.17 -396.333
-932.169 -448.833 -903.7 -387.486
-932.169 -448.833 -936.631 -415.339
-932.169 -448.833 -737 -410.667
-932.169 -448.833 -818.5 -414.167
-932.169 -448.833 -799.372 -360.978
-932.169 -448.833 -902.581 -299.933
-932.169 -448.833 -1046.73 -398.617
-932.169 -448.833 -813.089 -284.294
-932.169 -448.833 -866.781 -361.244
-932.169 -448.833 -925 -439.083
-932.169 -448.833 -885.733 -471.236
-932.169 -448.833 -905.167 -414.5
-932.169 -448.833 -896.833 -406.667
-932.169 -448.833 -943.067 -362.817
-932.169 -448.833 -1085.33 -458
-932.169 -448.833 -877.5 -417.833
-932.169 -448.833 -967.419 -435.819
-932.169 -448.833 -941.833 -455.833
-932.169 -448.833 -914.842 -448.658
-932.169 -448.833 -1165 -338.333
-932.169 -448.833 -1162.23 -435.644
-932.169 -448.833 -879.047 -419.786
-932.169 -448.833 -737.833 -406.333
-932.169 -448.833 -801.528 -260.725
-932.169 -448.833 -770.378 -388.519
-932.169 -448.833 -899.667 -350.667
-932.169 -448.833 -787.875 -358.778
-932.169 -448.833 -1109.41 -321.161
-932.169 -448.833 -893.375 -431.397
-932.169 -448.833 -968.167 -469.167
-932.169 -448.833 -1030.5 -440.333
-932.169 -448.833 -825.417 -354.361
-932.169 -448.833 -841.833 -397.5
-932.169 -448.833 -875.667 -465.333
-932.169 -448.833 -963.833 -424
-932.169 -448.833 -741.686 -406.925
-932.169 -448.833 -837.436 -429.656
-932.169 -448.833 -833.533 -422.125
-932.169 -448.833 -776.725 -431.189
-932.169 -448.833 -885.167 -442.667
-932.169 -448.833 -1002.83 -443.833
-932.169 -448.833 -846.678 -390.489
-932.169 -448.833 -1113.67 -475
-932.169 -448.833 -917.108 -418.847
-932.169 -448.833 -923.833 -425.5
-932.169 -448.833 -828.833 -400
-932.169 -448.833 -1068.69 -405.194
-932.169 -448.833 -1216.17 -387
-932.169 -448.833 -934 -485.667
-932.169 -448.833 -862.947 -397.172
-932.169 -448.833 -989 -481.167
-932.169 -448.833 -984.667 -295.333
-932.169 -448.833 -855.822 -447.414
-932.169 -448.833 -1175.34 -476.197
-932.169 -448.833 -976.7 -301.944
-932.169 -448.833 -959 -413
-932.169 -448.833 -809.333 -352.167
-932.169 -448.833 -928.333 -473.833
-932.169 -448.833 -986.833 -469.333
-932.169 -448.833 -947.306 -392.917
-932.169 -448.833 -774.558 -389.444
-932.169 -448.833 -976.008 -353.931
-932.169 -448.833 -896.831 -447.694
-932.169 -448.833 -1064.64 -429.081
-932.169 -448.833 -970.381 -328.969
-932.169 -448.833 -1066.09 -350.403
-932.169 -448.833 -881.333 -444.833
-932.169 -448.833 -1007.5 -467.833
-932.169 -448.833 -816.333 -304.167
-932.169 -448.833 -1223.75 -376.189
-932.169 -448.833 -767.633 -401.936
-932.169 -448.833 -812 -321.333
-932.169 -448.833 -738.667 -407.667
-932.169 -448.833 -857.361 -381.744
-932.169 -448.833 -855.519 -422.35
-932.169 -448.833 -922.244 -347.294
-932.169 -448.833 -845.833 -427.833
-932.169 -448.833 -802.667 -257.833
-932.169 -448.833 -773.167 -375
-932.169 -448.833 -844.281 -336.367
-932.169 -448.833 -1142.67 -483.167
-932.169 -448.833 -863.167 -417
-932.169 -448.833 -958.881 -361.983
-932.169 -448.833 -839.167 -359.5
-932.169 -448.833 -710 -423.631
-932.169 -448.833 -894.5 -456.333
-932.169 -448.833 -1111.53 -457.775
-932.169 -448.833 -738 -427.333
-932.169 -448.833 -1119.83 -466
-932.169 -448.833 -1225.97 -455.886
-932.169 -448.833 -1120.33 -334.333
-932.169 -448.833 -921.833 -468.333
-932.169 -448.833 -1219.19 -373.528
-932.169 -448.833 -971.5 -449.167
-932.169 -448.833 -912.5 -438.833
-932.169 -448.833 -941.356 -464.017
-932.169 -448.833 -1151.67 -360.833
-932.169 -448.833 -933.314 -431.578
-932.169 -448.833 -761.167 -431.167
-1140.83 -469.167 -1119.67 -407.883
-1140.83 -469.167 -932.169 -448.833
-1140.83 -469.167 -1223.09 -474.489
-1140.83 -469.167 -802.328 -404.914
-882.428 -306.911 -710 -423.631
-882.428 -306.911 -844.281 -336.367
-882.428 -306.911 -899.667 -350.667
-1218.5 -365.833 -1184.07 -339.425
-984.333 -454.5 -932.169 -448.833
-984.333 -454.5 -986.833 -469.333
-912.5 -438.833 -932.169 -448.833
-912.5 -438.833 -923.833 -425.5
-912.5 -438.833 -877.5 -417.833
-912.5 -438.833 -976.7 -301.944
-932.167 -301.167 -953.414 -299.844
-1094.67 -470.5 -1085.33 -458
-1058.83 -464.333 -1085.33 -458
-920.333 -325 -887.731 -370.603
-920.333 -325 -953.414 -299.844
-920.333 -325 -899.667 -350.667
-1165 -338.333 -932.169 -448.833
-1165 -338.333 -1223.09 -474.489
-1165 -338.333 -787.875 -358.778
-1165 -338.333 -1223.75 -376.189
-941.833 -455.833 -932.169 -448.833
-1198.4 -334.261 -1119.67 -407.883
-1198.4 -334.261 -1223.09 -474.489
-1198.4 -334.261 -1184.07 -339.425
-851.167 -411.167 -833.533 -422.125
-851.167 -411.167 -764.667 -424.833
-851.167 -411.167 -761.167 -431.167
-862.333 -431.667 -833.533 -422.125
-789.667 -337 -932.169 -448.833
-789.667 -337 -833.533 -422.125
-866.781 -361.244 -1119.67 -407.883
-866.781 -361.244 -741.686 -406.925
-866.781 -361.244 -818.5 -414.167
-866.781 -361.244 -814.422 -409.161
-866.781 -361.244 -843.503 -303.964
-866.781 -361.244 -976.008 -353.931
-866.781 -361.244 -833.533 -422.125
-866.781 -361.244 -885.733 -471.236
-866.781 -361.244 -899.667 -350.667
-866.781 -361.244 -703 -436.5
-866.781 -361.244 -846.678 -390.489
-866.781 -361.244 -932.169 -448.833
-866.781 -361.244 -812 -321.333
-866.781 -361.244 -953.414 -299.844
-866.781 -361.244 -968.167 -469.167
-866.781 -361.244 -844.281 -336.367
-866.781 -361.244 -737.833 -406.333
-1064.64 -429.081 -932.169 -448.833
-741.686 -406.925 -726.833 -419.389
-741.686 -406.925 -766.683 -391.753
-741.686 -406.925 -1178.67 -336.667
-741.686 -406.925 -855.333 -428.833
-741.686 -406.925 -800.406 -328.986
-741.686 -406.925 -703 -436.5
-741.686 -406.925 -810.5 -291.833
-741.686 -406.925 -1171.83 -327.333
-741.686 -406.925 -825.331 -279.756
-741.686 -406.925 -953.414 -299.844
-741.686 -406.925 -1223.09 -474.489
-741.686 -406.925 -1184.07 -339.425
-741.686 -406.925 -817.553 -265.422
-741.686 -406.925 -1119.67 -407.883
-741.686 -406.925 -867.5 -335.667
-741.686 -406.925 -802.328 -404.914
-741.686 -406.925 -879 -429.5
-741.686 -406.925 -731.533 -444.719
-741.686 -406.925 -903.7 -387.486
-741.686 -406.925 -818.5 -414.167
-741.686 -406.925 -799.372 -360.978
-741.686 -406.925 -813.089 -284.294
-741.686 -406.925 -1046.73 -398.617
-741.686 -406.925 -902.581 -299.933
-741.686 -406.925 -866.781 -361.244
-741.686 -406.925 -825.544 -273.956
-741.686 -406.925 -877.5 -417.833
-741.686 -406.925 -714.356 -429.325
-741.686 -406.925 -714.333 -417.333
-741.686 -406.925 -879.047 -419.786
-741.686 -406.925 -801.528 -260.725
-741.686 -406.925 -770.378 -388.519
-741.686 -406.925 -800.956 -266.831
-741.686 -406.925 -899.667 -350.667
-741.686 -406.925 -787.875 -358.778
-741.686 -406.925 -1109.41 -321.161
-741.686 -406.925 -825.417 -354.361
-741.686 -406.925 -822.189 -348.956
-741.686 -406.925 -841.833 -397.5
-741.686 -406.925 -833.533 -422.125
-741.686 -406.925 -776.725 -431.189
-741.686 -406.925 -846.678 -390.489
-741.686 -406.925 -862.947 -397.172
-741.686 -406.925 -984.667 -295.333
-741.686 -406.925 -976.7 -301.944
-741.686 -406.925 -959 -413
-741.686 -406.925 -787.322 -429.406
-741.686 -406.925 -809.333 -352.167
-741.686 -406.925 -947.306 -392.917
-741.686 -406.925 -976.008 -353.931
-741.686 -406.925 -970.381 -328.969
-741.686 -406.925 -1066.09 -350.403
-741.686 -406.925 -816.333 -304.167
-741.686 -406.925 -846.058 -380.364
-741.686 -406.925 -1223.75 -376.189
-741.686 -406.925 -932.169 -448.833
-741.686 -406.925 -812 -321.333
-741.686 -406.925 -922.244 -347.294
-741.686 -406.925 -857.361 -381.744
-741.686 -406.925 -802.667 -257.833
-741.686 -406.925 -844.281 -336.367
-741.686 -406.925 -773.167 -375
-741.686 -406.925 -839.167 -359.5
-741.686 -406.925 -738 -427.333
-741.686 -406.925 -1225.97 -455.886
-741.686 -406.925 -1120.33 -334.333
-741.686 -406.925 -1219.19 -373.528
-741.686 -406.925 -1151.67 -360.833
-741.686 -406.925 -761.167 -431.167
-765 -371.333 -844.281 -336.367
-1170.33 -463.833 -1223.09 -474.489
-1170.33 -463.833 -1162.23 -435.644
-762 -369 -932.169 -448.833
-762 -369 -741.686 -406.925
-762 -369 -921.833 -468.333
-762 -369 -953.414 -299.844
-762 -369 -833.533 -422.125
-762 -369 -844.281 -336.367
-762 -369 -846.678 -390.489
-1242.5 -434.167 -1225.97 -455.886
-943.067 -362.817 -932.169 -448.833
-943.067 -362.817 -862.947 -397.172
-943.067 -362.817 -953.414 -299.844
-943.067 -362.817 -833.533 -422.125
-943.067 -362.817 -899.667 -350.667
-943.067 -362.817 -752.411 -398.719
-943.067 -362.817 -971.833 -479.5
-1222.17 -377.167 -1225.97 -455.886
-1222.17 -377.167 -1119.67 -407.883
-1222.17 -377.167 -953.414 -299.844
-1222.17 -377.167 -1223.09 -474.489
-1222.17 -377.167 -844.281 -336.367
-894.5 -456.333 -932.169 -448.833
-894.5 -456.333 -914.842 -448.658
-1176.01 -340.561 -1119.67 -407.883
-1176.01 -340.561 -1225.97 -455.886
-1176.01 -340.561 -953.414 -299.844
-1176.01 -340.561 -1223.09 -474.489
-1176.01 -340.561 -844.281 -336.367
-813.089 -284.294 -1119.67 -407.883
-813.089 -284.294 -741.686 -406.925
-813.089 -284.294 -862.947 -397.172
-813.089 -284.294 -818.5 -414.167
-813.089 -284.294 -855.333 -428.833
-813.089 -284.294 -811.167 -339.5
-813.089 -284.294 -837.436 -429.656
-813.089 -284.294 -833.533 -422.125
-813.089 -284.294 -899.667 -350.667
-813.089 -284.294 -1223.75 -376.189
-813.089 -284.294 -932.169 -448.833
-813.089 -284.294 -893.375 -431.397
-813.089 -284.294 -953.414 -299.844
-813.089 -284.294 -802.667 -257.833
-813.089 -284.294 -844.281 -336.367
-813.089 -284.294 -1184.07 -339.425
-813.089 -284.294 -1151.67 -360.833
-885.167 -442.667 -932.169 -448.833
-885.167 -442.667 -839.167 -359.5
-885.167 -442.667 -921.833 -468.333
-885.167 -442.667 -833.533 -422.125
-885.167 -442.667 -764.667 -424.833
-885.167 -442.667 -773.167 -375
-885.167 -442.667 -844.281 -336.367
-885.167 -442.667 -846.678 -390.489
-800.956 -266.831 -741.686 -406.925
-800.956 -266.831 -818.5 -414.167
-800.956 -266.831 -855.333 -428.833
-800.956 -266.831 -953.414 -299.844
-800.956 -266.831 -809.333 -352.167
-800.956 -266.831 -833.533 -422.125
-800.956 -266.831 -844.281 -336.367
-800.956 -266.831 -846.678 -390.489
-1202 -474 -1223.09 -474.489
-1188.33 -457 -1225.97 -455.886
-752.411 -398.719 -1119.67 -407.883
-752.411 -398.719 -862.947 -397.172
-752.411 -398.719 -1178.67 -336.667
-752.411 -398.719 -900.758 -323.111
-752.411 -398.719 -855.333 -428.833
-752.411 -398.719 -1046.73 -398.617
-752.411 -398.719 -833.533 -422.125
-752.411 -398.719 -899.667 -350.667
-752.411 -398.719 -1223.75 -376.189
-752.411 -398.719 -846.678 -390.489
-752.411 -398.719 -932.169 -448.833
-752.411 -398.719 -953.414 -299.844
-752.411 -398.719 -844.281 -336.367
-752.411 -398.719 -879.047 -419.786
-799.372 -360.978 -932.169 -448.833
-799.372 -360.978 -943.067 -362.817
-799.372 -360.978 -936.631 -415.339
-799.372 -360.978 -741.686 -406.925
-799.372 -360.978 -953.414 -299.844
-799.372 -360.978 -833.533 -422.125
-799.372 -360.978 -844.281 -336.367
-799.372 -360.978 -899.667 -350.667
-799.372 -360.978 -933.833 -372.5
-799.372 -360.978 -846.678 -390.489
-1002.83 -443.833 -932.169 -448.833
-1002.83 -443.833 -971.5 -449.167
-802.328 -404.914 -867.5 -335.667
-802.328 -404.914 -936.631 -415.339
-802.328 -404.914 -741.686 -406.925
-802.328 -404.914 -833.533 -422.125
-802.328 -404.914 -970.381 -328.969
-802.328 -404.914 -899.667 -350.667
-802.328 -404.914 -846.678 -390.489
-802.328 -404.914 -932.169 -448.833
-802.328 -404.914 -953.414 -299.844
-802.328 -404.914 -845.833 -427.833
-802.328 -404.914 -844.281 -336.367
-802.328 -404.914 -867.75 -346.372
-802.328 -404.914 -958.881 -361.983
-828.833 -400 -1119.67 -407.883
-828.833 -400 -865.253 -304.833
-828.833 -400 -741.686 -406.925
-828.833 -400 -900.758 -323.111
-828.833 -400 -833.533 -422.125
-828.833 -400 -899.667 -350.667
-828.833 -400 -787.875 -358.778
-828.833 -400 -846.678 -390.489
-828.833 -400 -932.169 -448.833
-828.833 -400 -688.167 -448
-828.833 -400 -738.667 -407.667
-828.833 -400 -857.361 -381.744
-828.833 -400 -867.75 -346.372
-828.833 -400 -844.281 -336.367
-828.833 -400 -933.833 -372.5
-828.833 -400 -740.167 -415
-1225.97 -455.886 -741.686 -406.925
-1225.97 -455.886 -1178.67 -336.667
-1225.97 -455.886 -1232.17 -441.167
-1225.97 -455.886 -1046.73 -398.617
-1225.97 -455.886 -1223.75 -376.189
-1225.97 -455.886 -1171.83 -327.333
-1225.97 -455.886 -846.678 -390.489
-1225.97 -455.886 -932.169 -448.833
-1225.97 -455.886 -1216.17 -387
-1225.97 -455.886 -1242.5 -434.167
-1225.97 -455.886 -953.414 -299.844
-1225.97 -455.886 -1217.33 -421.667
-1225.97 -455.886 -1223.09 -474.489
-1225.97 -455.886 -844.281 -336.367
-1225.97 -455.886 -1211.5 -442.5
-1225.97 -455.886 -1162.23 -435.644
-1225.97 -455.886 -1184.07 -339.425
-1225.97 -455.886 -1183.5 -342
-1225.97 -455.886 -1119.67 -407.883
-1225.97 -455.886 -1176.01 -340.561
-1225.97 -455.886 -801.528 -260.725
-1225.97 -455.886 -1228.67 -423.667
-1225.97 -455.886 -1175.34 -476.197
-1225.97 -455.886 -1197.68 -394.992
-1225.97 -455.886 -1222.17 -377.167
-1225.97 -455.886 -1191.19 -462.647
-1225.97 -455.886 -879 -429.5
-1225.97 -455.886 -1219.19 -373.528
-1225.97 -455.886 -968.167 -469.167
-1225.97 -455.886 -1188.33 -457
-1225.97 -455.886 -1151.67 -360.833
-1171.17 -467.5 -1223.09 -474.489
-1171.17 -467.5 -1162.23 -435.644
-905.167 -414.5 -932.169 -448.833
-905.167 -414.5 -947.306 -392.917
-905.167 -414.5 -833.533 -422.125
-905.167 -414.5 -738 -427.333
-905.167 -414.5 -899.667 -350.667
-905.167 -414.5 -787.875 -358.778
-787.875 -358.778 -1119.67 -407.883
-787.875 -358.778 -741.686 -406.925
-787.875 -358.778 -862.947 -397.172
-787.875 -358.778 -855.333 -428.833
-787.875 -358.778 -833.533 -422.125
-787.875 -358.778 -899.667 -350.667
-787.875 -358.778 -905.167 -414.5
-787.875 -358.778 -846.678 -390.489
-787.875 -358.778 -932.169 -448.833
-787.875 -358.778 -943.067 -362.817
-787.875 -358.778 -882.428 -306.911
-787.875 -358.778 -953.414 -299.844
-787.875 -358.778 -1223.09 -474.489
-787.875 -358.778 -844.281 -336.367
-1223 -405 -1225.97 -455.886
-1223 -405 -1184.07 -339.425
-810.5 -291.833 -741.686 -406.925
-810.5 -291.833 -844.281 -336.367
-943.667 -353.333 -824.075 -364.753
-943.667 -353.333 -809.333 -352.167
-943.667 -353.333 -852.039 -350.353
-943.667 -353.333 -899.667 -350.667
-871.833 -304.667 -799.372 -360.978
-871.833 -304.667 -953.414 -299.844
-871.833 -304.667 -844.281 -336.367
-871.833 -304.667 -899.667 -350.667
-871.833 -304.667 -802.328 -404.914
-1030.5 -440.333 -1119.67 -407.883
-1030.5 -440.333 -932.169 -448.833
-1030.5 -440.333 -833.533 -422.125
-1030.5 -440.333 -925 -439.083
-938.167 -324.5 -839.167 -359.5
-938.167 -324.5 -953.414 -299.844
-938.167 -324.5 -833.533 -422.125
-938.167 -324.5 -802.328 -404.914
-938.167 -324.5 -899.667 -350.667
-1197.68 -394.992 -1119.67 -407.883
-1197.68 -394.992 -1225.97 -455.886
-1197.68 -394.992 -953.414 -299.844
-1197.68 -394.992 -1223.09 -474.489
-1197.68 -394.992 -844.281 -336.367
-1197.68 -394.992 -1184.07 -339.425
-1041.83 -477.167 -1085.33 -458
-773.167 -375 -932.169 -448.833
-773.167 -375 -741.686 -406.925
-773.167 -375 -818.5 -414.167
-773.167 -375 -967.592 -408.508
-773.167 -375 -843.503 -303.964
-773.167 -375 -833.533 -422.125
-773.167 -375 -867.75 -346.372
-773.167 -375 -844.281 -336.367
-773.167 -375 -899.667 -350.667
-773.167 -375 -846.678 -390.489
-799.833 -373.167 -845.833 -427.833
-799.833 -373.167 -833.533 -422.125
-799.833 -373.167 -844.281 -336.367
-1211.5 -442.5 -1225.97 -455.886
-1211.5 -442.5 -1223.09 -474.489
-1228.67 -423.667 -1225.97 -455.886
-1228.67 -423.667 -1223.09 -474.489
-1228.67 -423.667 -1184.07 -339.425
-770.378 -388.519 -1119.67 -407.883
-770.378 -388.519 -741.686 -406.925
-770.378 -388.519 -936.631 -415.339
-770.378 -388.519 -862.947 -397.172
-770.378 -388.519 -818.5 -414.167
-770.378 -388.519 -855.333 -428.833
-770.378 -388.519 -833.533 -422.125
-770.378 -388.519 -837.436 -429.656
-770.378 -388.519 -899.667 -350.667
-770.378 -388.519 -881.333 -444.833
-770.378 -388.519 -1007.5 -467.833
-770.378 -388.519 -846.678 -390.489
-770.378 -388.519 -1225.97 -455.886
-770.378 -388.519 -932.169 -448.833
-770.378 -388.519 -893.375 -431.397
-770.378 -388.519 -877.5 -417.833
-770.378 -388.519 -953.414 -299.844
-770.378 -388.519 -1223.09 -474.489
-770.378 -388.519 -844.281 -336.367
-770.378 -388.519 -1184.07 -339.425
-770.378 -388.519 -1162.23 -435.644
-911.5 -305.333 -828.833 -400
-911.5 -305.333 -953.414 -299.844
-911.5 -305.333 -857.361 -381.744
-911.5 -305.333 -844.281 -336.367
-911.5 -305.333 -802.328 -404.914
-911.5 -305.333 -899.667 -350.667
-1216.17 -387 -1225.97 -455.886
-1216.17 -387 -1119.67 -407.883
-1216.17 -387 -932.169 -448.833
-1216.17 -387 -877.5 -417.833
-1216.17 -387 -953.414 -299.844
-1216.17 -387 -1223.09 -474.489
-1216.17 -387 -833.533 -422.125
-1216.17 -387 -844.281 -336.367
-1119.67 -407.883 -741.686 -406.925
-1119.67 -407.883 -766.683 -391.753
-1119.67 -407.883 -1178.67 -336.667
-1119.67 -407.883 -1140.83 -469.167
-1119.67 -407.883 -833.533 -422.125
-1119.67 -407.883 -1171.83 -327.333
-1119.67 -407.883 -1113.67 -475
-1119.67 -407.883 -828.833 -400
-1119.67 -407.883 -953.414 -299.844
-1119.67 -407.883 -1216.17 -387
-1119.67 -407.883 -1223.09 -474.489
-1119.67 -407.883 -1184.07 -339.425
-1119.67 -407.883 -1120.67 -435.167
-1119.67 -407.883 -1176.01 -340.561
-1119.67 -407.883 -1197.17 -367.667
-1119.67 -407.883 -1175.34 -476.197
-1119.67 -407.883 -1197.68 -394.992
-1119.67 -407.883 -1191.19 -462.647
-1119.67 -407.883 -752.411 -398.719
-1119.67 -407.883 -976.7 -301.944
-1119.67 -407.883 -959 -413
-1119.67 -407.883 -903.7 -387.486
-1119.67 -407.883 -774.558 -389.444
-1119.67 -407.883 -1046.73 -398.617
-1119.67 -407.883 -866.781 -361.244
-1119.67 -407.883 -970.381 -328.969
-1119.67 -407.883 -1223.75 -376.189
-1119.67 -407.883 -932.169 -448.833
-1119.67 -407.883 -1085.33 -458
-1119.67 -407.883 -1142.67 -483.167
-1119.67 -407.883 -844.281 -336.367
-1119.67 -407.883 -1162.23 -435.644
-1119.67 -407.883 -770.378 -388.519
-1119.67 -407.883 -1111.53 -457.775
-1119.67 -407.883 -1198.4 -334.261
-1119.67 -407.883 -1222.17 -377.167
-1119.67 -407.883 -787.875 -358.778
-1119.67 -407.883 -1109.41 -321.161
-1119.67 -407.883 -1119.83 -466
-1119.67 -407.883 -1225.97 -455.886
-1119.67 -407.883 -1120.33 -334.333
-1119.67 -407.883 -968.167 -469.167
-1119.67 -407.883 -1219.19 -373.528
-1119.67 -407.883 -1030.5 -440.333
-1119.67 -407.883 -1151.67 -360.833
-984.667 -295.333 -932.169 -448.833
-984.667 -295.333 -741.686 -406.925
-984.667 -295.333 -953.414 -299.844
-984.667 -295.333 -921.833 -468.333
-984.667 -295.333 -922.244 -347.294
-984.667 -295.333 -833.533 -422.125
-984.667 -295.333 -844.281 -336.367
-984.667 -295.333 -899.667 -350.667
-1171.83 -327.333 -1119.67 -407.883
-1171.83 -327.333 -726.833 -419.389
-1171.83 -327.333 -741.686 -406.925
-1171.83 -327.333 -710 -423.631
-1171.83 -327.333 -770.378 -388.519
-1171.83 -327.333 -833.533 -422.125
-1171.83 -327.333 -846.678 -390.489
-1171.83 -327.333 -1225.97 -455.886
-1171.83 -327.333 -932.169 -448.833
-1171.83 -327.333 -953.414 -299.844
-1171.83 -327.333 -738.667 -407.667
-1171.83 -327.333 -1223.09 -474.489
-1171.83 -327.333 -1184.07 -339.425
-1223.75 -376.189 -741.686 -406.925
-1223.75 -376.189 -818.5 -414.167
-1223.75 -376.189 -833.533 -422.125
-1223.75 -376.189 -846.678 -390.489
-1223.75 -376.189 -932.169 -448.833
-1223.75 -376.189 -953.414 -299.844
-1223.75 -376.189 -738.667 -407.667
-1223.75 -376.189 -1223.09 -474.489
-1223.75 -376.189 -844.281 -336.367
-1223.75 -376.189 -1184.07 -339.425
-1223.75 -376.189 -1165 -338.333
-1223.75 -376.189 -737.833 -406.333
-1223.75 -376.189 -1119.67 -407.883
-1223.75 -376.189 -710 -423.631
-1223.75 -376.189 -879 -429.5
-1223.75 -376.189 -1225.97 -455.886
-1206.42 -352.369 -1184.07 -339.425
-825.544 -273.956 -741.686 -406.925
-825.544 -273.956 -833.533 -422.125
-825.544 -273.956 -844.281 -336.367
-825.544 -273.956 -846.678 -390.489
-812 -321.333 -932.169 -448.833
-812 -321.333 -741.686 -406.925
-812 -321.333 -833.533 -422.125
-812 -321.333 -866.781 -361.244
-812 -321.333 -970.381 -328.969
-812 -321.333 -844.281 -336.367
-812 -321.333 -899.667 -350.667
-875.667 -465.333 -932.169 -448.833
-875.667 -465.333 -778.833 -407.722
-875.667 -465.333 -833.533 -422.125
-1223.09 -474.489 -741.686 -406.925
-1223.09 -474.489 -1178.67 -336.667
-1223.09 -474.489 -1140.83 -469.167
-1223.09 -474.489 -833.533 -422.125
-1223.09 -474.489 -1171.83 -327.333
-1223.09 -474.489 -846.678 -390.489
-1223.09 -474.489 -1113.67 -475
-1223.09 -474.489 -1216.17 -387
-1223.09 -474.489 -953.414 -299.844
-1223.09 -474.489 -1211.5 -442.5
-1223.09 -474.489 -1184.07 -339.425
-1223.09 -474.489 -1202 -474
-1223.09 -474.489 -1120.67 -435.167
-1223.09 -474.489 -1119.67 -407.883
-1223.09 -474.489 -1176.01 -340.561
-1223.09 -474.489 -1197.17 -367.667
-1223.09 -474.489 -984.667 -295.333
-1223.09 -474.489 -1205.33 -465.667
-1223.09 -474.489 -1175.34 -476.197
-1223.09 -474.489 -1197.68 -394.992
-1223.09 -474.489 -1191.19 -462.647
-1223.09 -474.489 -879 -429.5
-1223.09 -474.489 -1181.5 -338.167
-1223.09 -474.489 -1171.17 -467.5
-1223.09 -474.489 -818.5 -414.167
-1223.09 -474.489 -1232.17 -441.167
-1223.09 -474.489 -1046.73 -398.617
-1223.09 -474.489 -1225.33 -488
-1223.09 -474.489 -1223.75 -376.189
-1223.09 -474.489 -932.169 -448.833
-1223.09 -474.489 -1085.33 -458
-1223.09 -474.489 -844.281 -336.367
-1223.09 -474.489 -1142.67 -483.167
-1223.09 -474.489 -1165 -338.333
-1223.09 -474.489 -1162.23 -435.644
-1223.09 -474.489 -1183.5 -342
-1223.09 -474.489 -1170.33 -463.833
-1223.09 -474.489 -1183 -461
-1223.09 -474.489 -1143.17 -435
-1223.09 -474.489 -801.528 -260.725
-1223.09 -474.489 -1228.67 -423.667
-1223.09 -474.489 -1198.4 -334.261
-1223.09 -474.489 -1111.53 -457.775
-1223.09 -474.489 -899.667 -350.667
-1223.09 -474.489 -1222.17 -377.167
-1223.09 -474.489 -1119.83 -466
-1223.09 -474.489 -1225.97 -455.886
-1223.09 -474.489 -1120.33 -334.333
-1223.09 -474.489 -1219.19 -373.528
-1223.09 -474.489 -1124.97 -459.547
-1223.09 -474.489 -1151.67 -360.833
-876.167 -347.5 -887.7 -342.681
-876.167 -347.5 -899.667 -350.667
-963.833 -424 -932.169 -448.833
-963.833 -424 -941.833 -455.833
-963.833 -424 -767.633 -401.936
-1120.33 -334.333 -1119.67 -407.883
-1120.33 -334.333 -741.686 -406.925
-1120.33 -334.333 -818.5 -414.167
-1120.33 -334.333 -770.378 -388.519
-1120.33 -334.333 -833.533 -422.125
-1120.33 -334.333 -899.667 -350.667
-1120.33 -334.333 -881.333 -444.833
-1120.33 -334.333 -752.411 -398.719
-1120.33 -334.333 -846.678 -390.489
-1120.33 -334.333 -1225.97 -455.886
-1120.33 -334.333 -932.169 -448.833
-1120.33 -334.333 -953.414 -299.844
-1120.33 -334.333 -738.667 -407.667
-1120.33 -334.333 -1223.09 -474.489
-863.167 -417 -932.169 -448.833
-863.167 -417 -769 -421.667
-863.167 -417 -799.833 -373.167
-863.167 -417 -833.533 -422.125
-863.167 -417 -844.281 -336.367
-863.167 -417 -801.833 -420.833
-863.167 -417 -846.678 -390.489
-817.553 -265.422 -741.686 -406.925
-817.553 -265.422 -862.947 -397.172
-817.553 -265.422 -818.5 -414.167
-817.553 -265.422 -833.533 -422.125
-817.553 -265.422 -899.667 -350.667
-817.553 -265.422 -905.167 -414.5
-817.553 -265.422 -879 -429.5
-817.553 -265.422 -846.678 -390.489
-817.553 -265.422 -1225.97 -455.886
-817.553 -265.422 -932.169 -448.833
-817.553 -265.422 -953.414 -299.844
-817.553 -265.422 -844.281 -336.367
-1175.34 -476.197 -1119.67 -407.883
-1175.34 -476.197 -1225.97 -455.886
-1175.34 -476.197 -932.169 -448.833
-1175.34 -476.197 -1223.09 -474.489
-1175.34 -476.197 -1162.23 -435.644
-1175.34 -476.197 -737.833 -406.333
-933.833 -372.5 -932.169 -448.833
-933.833 -372.5 -893.375 -431.397
-933.833 -372.5 -953.414 -299.844
-933.833 -372.5 -799.372 -360.978
-933.833 -372.5 -811.167 -339.5
-933.833 -372.5 -731.533 -444.719
-933.833 -372.5 -833.533 -422.125
-933.833 -372.5 -899.667 -350.667
-740.167 -415 -833.533 -422.125
-740.167 -415 -851.167 -411.167
-740.167 -415 -881.333 -444.833
-1143.17 -435 -1223.09 -474.489
-761.167 -431.167 -862.947 -397.172
-761.167 -431.167 -741.686 -406.925
-761.167 -431.167 -818.5 -414.167
-761.167 -431.167 -902.581 -299.933
-761.167 -431.167 -833.533 -422.125
-761.167 -431.167 -844.281 -336.367
-761.167 -431.167 -903.7 -387.486
-714.333 -417.333 -741.686 -406.925
-714.333 -417.333 -877.5 -417.833
-714.333 -417.333 -818.5 -414.167
-714.333 -417.333 -855.333 -428.833
-714.333 -417.333 -837.436 -429.656
-714.333 -417.333 -833.533 -422.125
-714.333 -417.333 -846.678 -390.489
-843.503 -303.964 -970.381 -328.969
-843.503 -303.964 -866.781 -361.244
-843.503 -303.964 -844.281 -336.367
-843.503 -303.964 -899.667 -350.667
-843.503 -303.964 -903.7 -387.486
-825.331 -279.756 -932.169 -448.833
-825.331 -279.756 -817.667 -245.5
-825.331 -279.756 -862.947 -397.172
-825.331 -279.756 -741.686 -406.925
-825.331 -279.756 -818.5 -414.167
-825.331 -279.756 -953.414 -299.844
-825.331 -279.756 -837.436 -429.656
-825.331 -279.756 -833.533 -422.125
-825.331 -279.756 -844.281 -336.367
-825.331 -279.756 -899.667 -350.667
-825.331 -279.756 -846.678 -390.489
-838.078 -415.869 -833.533 -422.125
-764.667 -424.833 -862.333 -431.667
-764.667 -424.833 -837.436 -429.656
-764.667 -424.833 -833.533 -422.125
-1191.19 -462.647 -1119.67 -407.883
-1191.19 -462.647 -1225.97 -455.886
-1191.19 -462.647 -1223.09 -474.489
-824.075 -364.753 -920.333 -325
-824.075 -364.753 -833.533 -422.125
-824.075 -364.753 -899.667 -350.667
-824.075 -364.753 -846.678 -390.489
-1109.41 -321.161 -932.169 -448.833
-1109.41 -321.161 -1119.67 -407.883
-1109.41 -321.161 -726.833 -419.389
-1109.41 -321.161 -959 -413
-1109.41 -321.161 -741.686 -406.925
-1109.41 -321.161 -953.414 -299.844
-1109.41 -321.161 -844.281 -336.367
-958.881 -361.983 -932.169 -448.833
-958.881 -361.983 -741.686 -406.925
-958.881 -361.983 -953.414 -299.844
-958.881 -361.983 -833.533 -422.125
-958.881 -361.983 -800.406 -328.986
-958.881 -361.983 -899.667 -350.667
-958.881 -361.983 -846.678 -390.489
-882.833 -400.333 -833.533 -422.125
-778.833 -407.722 -917.108 -418.847
-778.833 -407.722 -833.533 -422.125
-778.833 -407.722 -889.158 -404.772
-778.833 -407.722 -846.678 -390.489
-1183 -461 -1223.09 -474.489
-774.558 -389.444 -1119.67 -407.883
-774.558 -389.444 -818.5 -414.167
-774.558 -389.444 -833.533 -422.125
-774.558 -389.444 -1066.09 -350.403
-774.558 -389.444 -899.667 -350.667
-774.558 -389.444 -896.833 -406.667
-774.558 -389.444 -932.169 -448.833
-774.558 -389.444 -893.375 -431.397
-774.558 -389.444 -953.414 -299.844
-774.558 -389.444 -844.281 -336.367
-774.558 -389.444 -879.047 -419.786
-923.833 -425.5 -932.169 -448.833
-923.833 -425.5 -925 -439.083
-971.5 -449.167 -932.169 -448.833
-971.5 -449.167 -1002.83 -443.833
-737 -410.667 -932.169 -448.833
-737 -410.667 -947.306 -392.917
-737 -410.667 -833.533 -422.125
-794 -402.833 -833.533 -422.125
-794 -402.833 -855.822 -447.414
-757.233 -413.383 -833.533 -422.125
-757.233 -413.383 -899.667 -350.667
-757.233 -413.383 -958.881 -361.983
-976.008 -353.931 -932.169 -448.833
-976.008 -353.931 -741.686 -406.925
-976.008 -353.931 -953.414 -299.844
-976.008 -353.931 -833.533 -422.125
-976.008 -353.931 -899.667 -350.667
-976.008 -353.931 -822.189 -348.956
-976.008 -353.931 -787.875 -358.778
-976.008 -353.931 -846.678 -390.489
-952.789 -296.456 -844.281 -336.367
-779.025 -342.706 -844.281 -336.367
-1205.33 -465.667 -1223.09 -474.489
-1068.69 -405.194 -932.169 -448.833
-1068.69 -405.194 -809.333 -352.167
-816 -383.667 -833.533 -422.125
-816 -383.667 -885.167 -442.667
